% start	end	CellId	IMSI	RNTI	LCID	nTxPDUs	TxBytes	nRxPDUs	RxBytes	delay	stdDev	min	max	PduSize	stdDev	min	max
0	1	1	1	12	1	1	43	1	43	0.00407054	0	0.00407054	0.00407054	43	0	43	43	
0	1	1	1	12	4	17	17918	17	17918	0.00438257	0.000332106	0.00350022	0.00450022	1054	0	1054	1054	
0	1	1	2	3	1	1	43	1	43	0.00407054	0	0.00407054	0.00407054	43	0	43	43	
0	1	1	2	3	4	17	17918	17	17918	0.00384177	0	0.00384177	0.00384177	1054	0	1054	1054	
0	1	1	3	11	1	1	43	1	43	0.00407031	0	0.00407031	0.00407031	43	0	43	43	
0	1	1	3	11	4	25	26350	25	26350	0.00334175	0	0.00334175	0.00334175	1054	0	1054	1054	
0	1	1	4	2	1	1	43	1	43	0.00407031	0	0.00407031	0.00407031	43	0	43	43	
0	1	1	4	2	4	34	35836	34	35836	0.00353526	0	0.00353526	0.00353526	1054	0	1054	1054	
0	1	1	5	15	1	1	43	1	43	0.00407054	0	0.00407054	0.00407054	43	0	43	43	
0	1	1	5	15	4	3	3162	3	3162	0.00320626	0	0.00320626	0.00320626	1054	0	1054	1054	
0	1	1	6	4	1	1	43	1	43	0.00407008	0	0.00407008	0.00407008	43	0	43	43	
0	1	1	6	4	4	27	28458	27	28458	0.00373897	0.00050637	0.00318341	0.00418341	1054	0	1054	1054	
0	1	1	7	16	1	1	43	1	43	0.00407031	0	0.00407031	0.00407031	43	0	43	43	
0	1	1	7	16	4	32	33728	32	33728	0.00384114	0	0.00384114	0.00384114	1054	0	1054	1054	
0	1	1	8	1	1	1	43	1	43	0.00406985	0	0.00406985	0.00406985	43	0	43	43	
0	1	1	8	1	4	15	15810	15	15810	0.00472458	0	0.00472458	0.00472458	1054	0	1054	1054	
0	1	1	9	13	1	1	43	1	43	0.00407008	0	0.00407008	0.00407008	43	0	43	43	
0	1	1	9	13	4	30	31620	30	31620	0.0036364	0	0.0036364	0.0036364	1054	0	1054	1054	
0	1	1	10	14	1	1	43	1	43	0.00406985	0	0.00406985	0.00406985	43	0	43	43	
0	1	1	10	14	4	31	32674	31	32674	0.00332496	0	0.00332496	0.00332496	1054	0	1054	1054	
1	2	1	1	12	4	40	42160	40	42160	0.00450022	0	0.00450022	0.00450022	1054	0	1054	1054	
1	2	1	2	3	4	40	42160	40	42160	0.00384177	0	0.00384177	0.00384177	1054	0	1054	1054	
1	2	1	3	11	4	40	42160	40	42160	0.00334175	0	0.00334175	0.00334175	1054	0	1054	1054	
1	2	1	4	2	4	40	42160	40	42160	0.00353526	0	0.00353526	0.00353526	1054	0	1054	1054	
1	2	1	5	15	4	40	42160	40	42160	0.00320626	0	0.00320626	0.00320626	1054	0	1054	1054	
1	2	1	6	4	4	40	42160	40	42160	0.00418341	0	0.00418341	0.00418341	1054	0	1054	1054	
1	2	1	7	16	4	40	42160	40	42160	0.00384114	0	0.00384114	0.00384114	1054	0	1054	1054	
1	2	1	8	1	4	40	42160	40	42160	0.00472458	0	0.00472458	0.00472458	1054	0	1054	1054	
1	2	1	9	13	4	40	42160	40	42160	0.0036364	0	0.0036364	0.0036364	1054	0	1054	1054	
1	2	1	10	14	4	40	42160	40	42160	0.00332496	0	0.00332496	0.00332496	1054	0	1054	1054	
2	3	1	1	12	4	40	42160	40	42160	0.00450022	0	0.00450022	0.00450022	1054	0	1054	1054	
2	3	1	2	3	4	40	42160	40	42160	0.00384177	0	0.00384177	0.00384177	1054	0	1054	1054	
2	3	1	3	11	4	40	42160	40	42160	0.00334175	0	0.00334175	0.00334175	1054	0	1054	1054	
2	3	1	4	2	4	40	42160	40	42160	0.00353526	0	0.00353526	0.00353526	1054	0	1054	1054	
2	3	1	5	15	4	40	42160	40	42160	0.00320626	0	0.00320626	0.00320626	1054	0	1054	1054	
2	3	1	6	4	4	40	42160	40	42160	0.00418341	0	0.00418341	0.00418341	1054	0	1054	1054	
2	3	1	7	16	4	40	42160	40	42160	0.00384114	0	0.00384114	0.00384114	1054	0	1054	1054	
2	3	1	8	1	4	40	42160	40	42160	0.00472458	0	0.00472458	0.00472458	1054	0	1054	1054	
2	3	1	9	13	4	40	42160	40	42160	0.0036364	0	0.0036364	0.0036364	1054	0	1054	1054	
2	3	1	10	14	4	40	42160	40	42160	0.00332496	0	0.00332496	0.00332496	1054	0	1054	1054	
3	4	1	1	12	4	40	42160	40	42160	0.00450022	0	0.00450022	0.00450022	1054	0	1054	1054	
3	4	1	2	3	4	40	42160	40	42160	0.00384177	0	0.00384177	0.00384177	1054	0	1054	1054	
3	4	1	3	11	4	40	42160	40	42160	0.00334175	0	0.00334175	0.00334175	1054	0	1054	1054	
3	4	1	4	2	4	40	42160	40	42160	0.00353526	0	0.00353526	0.00353526	1054	0	1054	1054	
3	4	1	5	15	4	40	42160	40	42160	0.00320626	0	0.00320626	0.00320626	1054	0	1054	1054	
3	4	1	6	4	4	40	42160	40	42160	0.00418341	0	0.00418341	0.00418341	1054	0	1054	1054	
3	4	1	7	16	4	40	42160	40	42160	0.00384114	0	0.00384114	0.00384114	1054	0	1054	1054	
3	4	1	8	1	4	40	42160	40	42160	0.00472458	0	0.00472458	0.00472458	1054	0	1054	1054	
3	4	1	9	13	4	40	42160	40	42160	0.0036364	0	0.0036364	0.0036364	1054	0	1054	1054	
3	4	1	10	14	4	40	42160	40	42160	0.00332496	0	0.00332496	0.00332496	1054	0	1054	1054	
4	5	1	1	12	4	40	42160	40	42160	0.00450022	0	0.00450022	0.00450022	1054	0	1054	1054	
4	5	1	2	3	4	40	42160	40	42160	0.00384177	0	0.00384177	0.00384177	1054	0	1054	1054	
4	5	1	3	11	4	40	42160	40	42160	0.00334175	0	0.00334175	0.00334175	1054	0	1054	1054	
4	5	1	4	2	4	40	42160	40	42160	0.00353526	0	0.00353526	0.00353526	1054	0	1054	1054	
4	5	1	5	15	4	40	42160	40	42160	0.00320626	0	0.00320626	0.00320626	1054	0	1054	1054	
4	5	1	6	4	4	40	42160	40	42160	0.00418341	0	0.00418341	0.00418341	1054	0	1054	1054	
4	5	1	7	16	4	40	42160	40	42160	0.00384114	0	0.00384114	0.00384114	1054	0	1054	1054	
4	5	1	8	1	4	40	42160	40	42160	0.00472458	0	0.00472458	0.00472458	1054	0	1054	1054	
4	5	1	9	13	4	40	42160	40	42160	0.0036364	0	0.0036364	0.0036364	1054	0	1054	1054	
4	5	1	10	14	4	40	42160	40	42160	0.00332496	0	0.00332496	0.00332496	1054	0	1054	1054	
5	6	1	2	3	4	1	1054	1	1054	0.00384177	0	0.00384177	0.00384177	1054	0	1054	1054	
5	6	1	4	2	4	1	1054	1	1054	0.00353526	0	0.00353526	0.00353526	1054	0	1054	1054	
5	6	1	5	15	4	1	1054	1	1054	0.00320626	0	0.00320626	0.00320626	1054	0	1054	1054	
5	6	1	7	16	4	1	1054	1	1054	0.00384114	0	0.00384114	0.00384114	1054	0	1054	1054	
5	6	1	9	13	4	1	1054	1	1054	0.0036364	0	0.0036364	0.0036364	1054	0	1054	1054	
