% time	cellId	IMSI	RNTI	rsrp	sinr	ComponentCarrierId
0.000214285	1	1	0	4.22113e-11	88989.2	0
0.00121429	1	1	0	4.22113e-11	88989.2	0
0.00221428	1	1	0	4.22113e-11	88989.2	0
0.00321428	1	1	0	4.22113e-11	88989.2	0
0.00421428	1	1	0	4.22113e-11	88989.2	0
0.00521428	1	1	0	4.22113e-11	88989.2	0
0.00621428	1	1	0	4.22113e-11	88989.2	0
0.00721428	1	1	0	4.22113e-11	88989.2	0
0.00821428	1	1	0	4.22113e-11	88989.2	0
0.00921428	1	1	0	4.22113e-11	88989.2	0
0.0102143	1	1	0	4.22113e-11	88989.2	0
0.0112143	1	1	0	4.22113e-11	88989.2	0
0.0122143	1	1	0	4.22113e-11	88989.2	0
0.0132143	1	1	0	4.22113e-11	88989.2	0
0.0142143	1	1	0	4.22113e-11	88989.2	0
0.0152143	1	1	0	4.22113e-11	88989.2	0
0.0162143	1	1	0	4.22113e-11	88989.2	0
0.0172143	1	1	0	4.22113e-11	88989.2	0
0.0182143	1	1	0	4.22113e-11	88989.2	0
0.0192143	1	1	0	4.22113e-11	88989.2	0
0.0202143	1	1	0	4.22113e-11	88989.2	0
0.0212143	1	1	1	4.22113e-11	88989.2	0
0.0222143	1	1	1	4.22113e-11	88989.2	0
0.0232143	1	1	1	4.22113e-11	88989.2	0
0.0242143	1	1	1	4.22113e-11	88989.2	0
0.0252143	1	1	1	4.22113e-11	88989.2	0
0.0262143	1	1	1	4.22113e-11	88989.2	0
0.0272143	1	1	1	4.22113e-11	88989.2	0
0.0282143	1	1	1	4.22113e-11	88989.2	0
0.0292143	1	1	1	4.22113e-11	88989.2	0
0.0302143	1	1	1	4.22113e-11	88989.2	0
0.0312143	1	1	1	4.22113e-11	88989.2	0
0.0322143	1	1	1	4.22113e-11	88989.2	0
0.0332143	1	1	1	4.22113e-11	88989.2	0
0.0342143	1	1	1	4.22113e-11	88989.2	0
0.0352143	1	1	1	4.22113e-11	88989.2	0
0.0362143	1	1	1	4.22113e-11	88989.2	0
0.0372143	1	1	1	4.22113e-11	88989.2	0
0.0382143	1	1	1	4.22113e-11	88989.2	0
0.0392143	1	1	1	4.22113e-11	88989.2	0
0.0402143	1	1	1	4.22113e-11	88989.2	0
0.0412143	1	1	1	4.22113e-11	88989.2	0
0.0422143	1	1	1	4.22113e-11	88989.2	0
0.0432143	1	1	1	4.22113e-11	88989.2	0
0.0442143	1	1	1	4.22113e-11	88989.2	0
0.0452143	1	1	1	4.22113e-11	88989.2	0
0.0462143	1	1	1	4.22113e-11	88989.2	0
0.0472143	1	1	1	4.22113e-11	88989.2	0
0.0482143	1	1	1	4.22113e-11	88989.2	0
0.0492143	1	1	1	4.22113e-11	88989.2	0
0.0502143	1	1	1	4.22113e-11	88989.2	0
0.0512143	1	1	1	4.22113e-11	88989.2	0
0.0522143	1	1	1	4.22113e-11	88989.2	0
0.0532143	1	1	1	4.22113e-11	88989.2	0
0.0542143	1	1	1	4.22113e-11	88989.2	0
0.0552143	1	1	1	4.22113e-11	88989.2	0
0.0562143	1	1	1	4.22113e-11	88989.2	0
0.0572143	1	1	1	4.22113e-11	88989.2	0
0.0582143	1	1	1	4.22113e-11	88989.2	0
0.0592143	1	1	1	4.22113e-11	88989.2	0
0.0602143	1	1	1	4.22113e-11	88989.2	0
0.0612143	1	1	1	4.22113e-11	88989.2	0
0.0622143	1	1	1	4.22113e-11	88989.2	0
0.0632143	1	1	1	4.22113e-11	88989.2	0
0.0642143	1	1	1	4.22113e-11	88989.2	0
0.0652143	1	1	1	4.22113e-11	88989.2	0
0.0662143	1	1	1	4.22113e-11	88989.2	0
0.0672143	1	1	1	4.22113e-11	88989.2	0
0.0682143	1	1	1	4.22113e-11	88989.2	0
0.0692143	1	1	1	4.22113e-11	88989.2	0
0.0702143	1	1	1	4.22113e-11	88989.2	0
0.0712143	1	1	1	4.22113e-11	88989.2	0
0.0722143	1	1	1	4.22113e-11	88989.2	0
0.0732143	1	1	1	4.22113e-11	88989.2	0
0.0742143	1	1	1	4.22113e-11	88989.2	0
0.0752143	1	1	1	4.22113e-11	88989.2	0
0.0762143	1	1	1	4.22113e-11	88989.2	0
0.0772143	1	1	1	4.22113e-11	88989.2	0
0.0782143	1	1	1	4.22113e-11	88989.2	0
0.0792143	1	1	1	4.22113e-11	88989.2	0
0.0802143	1	1	1	4.22113e-11	88989.2	0
0.0812143	1	1	1	4.22113e-11	88989.2	0
0.0822143	1	1	1	4.22113e-11	88989.2	0
0.0832143	1	1	1	4.22113e-11	88989.2	0
0.0842143	1	1	1	4.22113e-11	88989.2	0
0.0852143	1	1	1	4.22113e-11	88989.2	0
0.0862143	1	1	1	4.22113e-11	88989.2	0
0.0872143	1	1	1	4.22113e-11	88989.2	0
0.0882143	1	1	1	4.22113e-11	88989.2	0
0.0892143	1	1	1	4.22113e-11	88989.2	0
0.0902143	1	1	1	4.22113e-11	88989.2	0
0.0912143	1	1	1	4.22113e-11	88989.2	0
0.0922143	1	1	1	4.22113e-11	88989.2	0
0.0932143	1	1	1	4.22113e-11	88989.2	0
0.0942143	1	1	1	4.22113e-11	88989.2	0
0.0952143	1	1	1	4.22113e-11	88989.2	0
0.0962143	1	1	1	4.22113e-11	88989.2	0
0.0972143	1	1	1	4.22113e-11	88989.2	0
0.0982143	1	1	1	4.22113e-11	88989.2	0
0.0992143	1	1	1	4.22113e-11	88989.2	0
0.100214	1	1	1	4.22113e-11	88989.2	0
0.101214	1	1	1	4.22113e-11	88989.2	0
0.102214	1	1	1	4.22113e-11	88989.2	0
0.103214	1	1	1	4.22113e-11	88989.2	0
0.104214	1	1	1	4.22113e-11	88989.2	0
0.105214	1	1	1	4.22113e-11	88989.2	0
0.106214	1	1	1	4.22113e-11	88989.2	0
0.107214	1	1	1	4.22113e-11	88989.2	0
0.108214	1	1	1	4.22113e-11	88989.2	0
0.109214	1	1	1	4.22113e-11	88989.2	0
0.110214	1	1	1	4.22113e-11	88989.2	0
0.111214	1	1	1	4.22113e-11	88989.2	0
0.112214	1	1	1	4.22113e-11	88989.2	0
0.113214	1	1	1	4.22113e-11	88989.2	0
0.114214	1	1	1	4.22113e-11	88989.2	0
0.115214	1	1	1	4.22113e-11	88989.2	0
0.116214	1	1	1	4.22113e-11	88989.2	0
0.117214	1	1	1	4.22113e-11	88989.2	0
0.118214	1	1	1	4.22113e-11	88989.2	0
0.119214	1	1	1	4.22113e-11	88989.2	0
0.120214	1	1	1	4.22113e-11	88989.2	0
0.121214	1	1	1	4.22113e-11	88989.2	0
0.122214	1	1	1	4.22113e-11	88989.2	0
0.123214	1	1	1	4.22113e-11	88989.2	0
0.124214	1	1	1	4.22113e-11	88989.2	0
0.125214	1	1	1	4.22113e-11	88989.2	0
0.126214	1	1	1	4.22113e-11	88989.2	0
0.127214	1	1	1	4.22113e-11	88989.2	0
0.128214	1	1	1	4.22113e-11	88989.2	0
0.129214	1	1	1	4.22113e-11	88989.2	0
0.130214	1	1	1	4.22113e-11	88989.2	0
0.131214	1	1	1	4.22113e-11	88989.2	0
0.132214	1	1	1	4.22113e-11	88989.2	0
0.133214	1	1	1	4.22113e-11	88989.2	0
0.134214	1	1	1	4.22113e-11	88989.2	0
0.135214	1	1	1	4.22113e-11	88989.2	0
0.136214	1	1	1	4.22113e-11	88989.2	0
0.137214	1	1	1	4.22113e-11	88989.2	0
0.138214	1	1	1	4.22113e-11	88989.2	0
0.139214	1	1	1	4.22113e-11	88989.2	0
0.140214	1	1	1	4.22113e-11	88989.2	0
0.141214	1	1	1	4.22113e-11	88989.2	0
0.142214	1	1	1	4.22113e-11	88989.2	0
0.143214	1	1	1	4.22113e-11	88989.2	0
0.144214	1	1	1	4.22113e-11	88989.2	0
0.145214	1	1	1	4.22113e-11	88989.2	0
0.146214	1	1	1	4.22113e-11	88989.2	0
0.147214	1	1	1	4.22113e-11	88989.2	0
0.148214	1	1	1	4.22113e-11	88989.2	0
0.149214	1	1	1	4.22113e-11	88989.2	0
0.150214	1	1	1	4.22113e-11	88989.2	0
0.151214	1	1	1	4.22113e-11	88989.2	0
0.152214	1	1	1	4.22113e-11	88989.2	0
0.153214	1	1	1	4.22113e-11	88989.2	0
0.154214	1	1	1	4.22113e-11	88989.2	0
0.155214	1	1	1	4.22113e-11	88989.2	0
0.156214	1	1	1	4.22113e-11	88989.2	0
0.157214	1	1	1	4.22113e-11	88989.2	0
0.158214	1	1	1	4.22113e-11	88989.2	0
0.159214	1	1	1	4.22113e-11	88989.2	0
0.160214	1	1	1	4.22113e-11	88989.2	0
0.161214	1	1	1	4.22113e-11	88989.2	0
0.162214	1	1	1	4.22113e-11	88989.2	0
0.163214	1	1	1	4.22113e-11	88989.2	0
0.164214	1	1	1	4.22113e-11	88989.2	0
0.165214	1	1	1	4.22113e-11	88989.2	0
0.166214	1	1	1	4.22113e-11	88989.2	0
0.167214	1	1	1	4.22113e-11	88989.2	0
0.168214	1	1	1	4.22113e-11	88989.2	0
0.169214	1	1	1	4.22113e-11	88989.2	0
0.170214	1	1	1	4.22113e-11	88989.2	0
0.171214	1	1	1	4.22113e-11	88989.2	0
0.172214	1	1	1	4.22113e-11	88989.2	0
0.173214	1	1	1	4.22113e-11	88989.2	0
0.174214	1	1	1	4.22113e-11	88989.2	0
0.175214	1	1	1	4.22113e-11	88989.2	0
0.176214	1	1	1	4.22113e-11	88989.2	0
0.177214	1	1	1	4.22113e-11	88989.2	0
0.178214	1	1	1	4.22113e-11	88989.2	0
0.179214	1	1	1	4.22113e-11	88989.2	0
0.180214	1	1	1	4.22113e-11	88989.2	0
0.181214	1	1	1	4.22113e-11	88989.2	0
0.182214	1	1	1	4.22113e-11	88989.2	0
0.183214	1	1	1	4.22113e-11	88989.2	0
0.184214	1	1	1	4.22113e-11	88989.2	0
0.185214	1	1	1	4.22113e-11	88989.2	0
0.186214	1	1	1	4.22113e-11	88989.2	0
0.187214	1	1	1	4.22113e-11	88989.2	0
0.188214	1	1	1	4.22113e-11	88989.2	0
0.189214	1	1	1	4.22113e-11	88989.2	0
0.190214	1	1	1	4.22113e-11	88989.2	0
0.191214	1	1	1	4.22113e-11	88989.2	0
0.192214	1	1	1	4.22113e-11	88989.2	0
0.193214	1	1	1	4.22113e-11	88989.2	0
0.194214	1	1	1	4.22113e-11	88989.2	0
0.195214	1	1	1	4.22113e-11	88989.2	0
0.196214	1	1	1	4.22113e-11	88989.2	0
0.197214	1	1	1	4.22113e-11	88989.2	0
0.198214	1	1	1	4.22113e-11	88989.2	0
0.199214	1	1	1	4.22113e-11	88989.2	0
0.200214	1	1	1	4.22113e-11	88989.2	0
0.201214	1	1	1	4.22113e-11	88989.2	0
0.202214	1	1	1	4.22113e-11	88989.2	0
0.203214	1	1	1	4.22113e-11	88989.2	0
0.204214	1	1	1	4.22113e-11	88989.2	0
0.205214	1	1	1	4.22113e-11	88989.2	0
0.206214	1	1	1	4.22113e-11	88989.2	0
0.207214	1	1	1	4.22113e-11	88989.2	0
0.208214	1	1	1	4.22113e-11	88989.2	0
0.209214	1	1	1	4.22113e-11	88989.2	0
0.210214	1	1	1	4.22113e-11	88989.2	0
0.211214	1	1	1	4.22113e-11	88989.2	0
0.212214	1	1	1	4.22113e-11	88989.2	0
0.213214	1	1	1	4.22113e-11	88989.2	0
0.214214	1	1	1	4.22113e-11	88989.2	0
0.215214	1	1	1	4.22113e-11	88989.2	0
0.216214	1	1	1	4.22113e-11	88989.2	0
0.217214	1	1	1	4.22113e-11	88989.2	0
0.218214	1	1	1	4.22113e-11	88989.2	0
0.219214	1	1	1	4.22113e-11	88989.2	0
0.220214	1	1	1	4.22113e-11	88989.2	0
0.221214	1	1	1	4.22113e-11	88989.2	0
0.222214	1	1	1	4.22113e-11	88989.2	0
0.223214	1	1	1	4.22113e-11	88989.2	0
0.224214	1	1	1	4.22113e-11	88989.2	0
0.225214	1	1	1	4.22113e-11	88989.2	0
0.226214	1	1	1	4.22113e-11	88989.2	0
0.227214	1	1	1	4.22113e-11	88989.2	0
0.228214	1	1	1	4.22113e-11	88989.2	0
0.229214	1	1	1	4.22113e-11	88989.2	0
0.230214	1	1	1	4.22113e-11	88989.2	0
0.231214	1	1	1	4.22113e-11	88989.2	0
0.232214	1	1	1	4.22113e-11	88989.2	0
0.233214	1	1	1	4.22113e-11	88989.2	0
0.234214	1	1	1	4.22113e-11	88989.2	0
0.235214	1	1	1	4.22113e-11	88989.2	0
0.236214	1	1	1	4.22113e-11	88989.2	0
0.237214	1	1	1	4.22113e-11	88989.2	0
0.238214	1	1	1	4.22113e-11	88989.2	0
0.239214	1	1	1	4.22113e-11	88989.2	0
0.240214	1	1	1	4.22113e-11	88989.2	0
0.241214	1	1	1	4.22113e-11	88989.2	0
0.242214	1	1	1	4.22113e-11	88989.2	0
0.243214	1	1	1	4.22113e-11	88989.2	0
0.244214	1	1	1	4.22113e-11	88989.2	0
0.245214	1	1	1	4.22113e-11	88989.2	0
0.246214	1	1	1	4.22113e-11	88989.2	0
0.247214	1	1	1	4.22113e-11	88989.2	0
0.248214	1	1	1	4.22113e-11	88989.2	0
0.249214	1	1	1	4.22113e-11	88989.2	0
0.250214	1	1	1	4.22113e-11	88989.2	0
0.251214	1	1	1	4.22113e-11	88989.2	0
0.252214	1	1	1	4.22113e-11	88989.2	0
0.253214	1	1	1	4.22113e-11	88989.2	0
0.254214	1	1	1	4.22113e-11	88989.2	0
0.255214	1	1	1	4.22113e-11	88989.2	0
0.256214	1	1	1	4.22113e-11	88989.2	0
0.257214	1	1	1	4.22113e-11	88989.2	0
0.258214	1	1	1	4.22113e-11	88989.2	0
0.259214	1	1	1	4.22113e-11	88989.2	0
0.260214	1	1	1	4.22113e-11	88989.2	0
0.261214	1	1	1	4.22113e-11	88989.2	0
0.262214	1	1	1	4.22113e-11	88989.2	0
0.263214	1	1	1	4.22113e-11	88989.2	0
0.264214	1	1	1	4.22113e-11	88989.2	0
0.265214	1	1	1	4.22113e-11	88989.2	0
0.266214	1	1	1	4.22113e-11	88989.2	0
0.267214	1	1	1	4.22113e-11	88989.2	0
0.268214	1	1	1	4.22113e-11	88989.2	0
0.269214	1	1	1	4.22113e-11	88989.2	0
0.270214	1	1	1	4.22113e-11	88989.2	0
0.271214	1	1	1	4.22113e-11	88989.2	0
0.272214	1	1	1	4.22113e-11	88989.2	0
0.273214	1	1	1	4.22113e-11	88989.2	0
0.274214	1	1	1	4.22113e-11	88989.2	0
0.275214	1	1	1	4.22113e-11	88989.2	0
0.276214	1	1	1	4.22113e-11	88989.2	0
0.277214	1	1	1	4.22113e-11	88989.2	0
0.278214	1	1	1	4.22113e-11	88989.2	0
0.279214	1	1	1	4.22113e-11	88989.2	0
0.280214	1	1	1	4.22113e-11	88989.2	0
0.281214	1	1	1	4.22113e-11	88989.2	0
0.282214	1	1	1	4.22113e-11	88989.2	0
0.283214	1	1	1	4.22113e-11	88989.2	0
0.284214	1	1	1	4.22113e-11	88989.2	0
0.285214	1	1	1	4.22113e-11	88989.2	0
0.286214	1	1	1	4.22113e-11	88989.2	0
0.287214	1	1	1	4.22113e-11	88989.2	0
0.288214	1	1	1	4.22113e-11	88989.2	0
0.289214	1	1	1	4.22113e-11	88989.2	0
0.290214	1	1	1	4.22113e-11	88989.2	0
0.291214	1	1	1	4.22113e-11	88989.2	0
0.292214	1	1	1	4.22113e-11	88989.2	0
0.293214	1	1	1	4.22113e-11	88989.2	0
0.294214	1	1	1	4.22113e-11	88989.2	0
0.295214	1	1	1	4.22113e-11	88989.2	0
0.296214	1	1	1	4.22113e-11	88989.2	0
0.297214	1	1	1	4.22113e-11	88989.2	0
0.298214	1	1	1	4.22113e-11	88989.2	0
0.299214	1	1	1	4.22113e-11	88989.2	0
0.300214	1	1	1	4.22113e-11	88989.2	0
0.301214	1	1	1	4.22113e-11	88989.2	0
0.302214	1	1	1	4.22113e-11	88989.2	0
0.303214	1	1	1	4.22113e-11	88989.2	0
0.304214	2	1	1	4.22113e-11	88989.2	0
0.305214	2	1	1	4.22113e-11	88989.2	0
0.306214	2	1	1	4.22113e-11	88989.2	0
0.307214	2	1	1	4.22113e-11	88989.2	0
0.308214	2	1	1	4.22113e-11	88989.2	0
0.309214	2	1	1	4.22113e-11	88989.2	0
0.310214	2	1	1	4.22113e-11	88989.2	0
0.311214	2	1	1	4.22113e-11	88989.2	0
0.312214	2	1	1	4.22113e-11	88989.2	0
0.313214	2	1	1	4.22113e-11	88989.2	0
0.314214	2	1	1	4.22113e-11	88989.2	0
0.315214	2	1	1	4.22113e-11	88989.2	0
0.316214	2	1	1	4.22113e-11	88989.2	0
0.317214	2	1	1	4.22113e-11	88989.2	0
0.318214	2	1	1	4.22113e-11	88989.2	0
0.319214	2	1	1	4.22113e-11	88989.2	0
0.320214	2	1	1	4.22113e-11	88989.2	0
0.321214	2	1	1	4.22113e-11	88989.2	0
0.322214	2	1	1	4.22113e-11	88989.2	0
0.323214	2	1	1	4.22113e-11	88989.2	0
0.324214	2	1	1	4.22113e-11	88989.2	0
0.325214	2	1	1	4.22113e-11	88989.2	0
0.326214	2	1	1	4.22113e-11	88989.2	0
0.327214	2	1	1	4.22113e-11	88989.2	0
0.328214	2	1	1	4.22113e-11	88989.2	0
0.329214	2	1	1	4.22113e-11	88989.2	0
0.330214	2	1	1	4.22113e-11	88989.2	0
0.331214	2	1	1	4.22113e-11	88989.2	0
0.332214	2	1	1	4.22113e-11	88989.2	0
0.333214	2	1	1	4.22113e-11	88989.2	0
0.334214	2	1	1	4.22113e-11	88989.2	0
0.335214	2	1	1	4.22113e-11	88989.2	0
0.336214	2	1	1	4.22113e-11	88989.2	0
0.337214	2	1	1	4.22113e-11	88989.2	0
0.338214	2	1	1	4.22113e-11	88989.2	0
0.339214	2	1	1	4.22113e-11	88989.2	0
0.340214	2	1	1	4.22113e-11	88989.2	0
0.341214	2	1	1	4.22113e-11	88989.2	0
0.342214	2	1	1	4.22113e-11	88989.2	0
0.343214	2	1	1	4.22113e-11	88989.2	0
0.344214	2	1	1	4.22113e-11	88989.2	0
0.345214	2	1	1	4.22113e-11	88989.2	0
0.346214	2	1	1	4.22113e-11	88989.2	0
0.347214	2	1	1	4.22113e-11	88989.2	0
0.348214	2	1	1	4.22113e-11	88989.2	0
0.349214	2	1	1	4.22113e-11	88989.2	0
0.350214	2	1	1	4.22113e-11	88989.2	0
0.351214	2	1	1	4.22113e-11	88989.2	0
0.352214	2	1	1	4.22113e-11	88989.2	0
0.353214	2	1	1	4.22113e-11	88989.2	0
0.354214	2	1	1	4.22113e-11	88989.2	0
0.355214	2	1	1	4.22113e-11	88989.2	0
0.356214	2	1	1	4.22113e-11	88989.2	0
0.357214	2	1	1	4.22113e-11	88989.2	0
0.358214	2	1	1	4.22113e-11	88989.2	0
0.359214	2	1	1	4.22113e-11	88989.2	0
0.360214	2	1	1	4.22113e-11	88989.2	0
0.361214	2	1	1	4.22113e-11	88989.2	0
0.362214	2	1	1	4.22113e-11	88989.2	0
0.363214	2	1	1	4.22113e-11	88989.2	0
0.364214	2	1	1	4.22113e-11	88989.2	0
0.365214	2	1	1	4.22113e-11	88989.2	0
0.366214	2	1	1	4.22113e-11	88989.2	0
0.367214	2	1	1	4.22113e-11	88989.2	0
0.368214	2	1	1	4.22113e-11	88989.2	0
0.369214	2	1	1	4.22113e-11	88989.2	0
0.370214	2	1	1	4.22113e-11	88989.2	0
0.371214	2	1	1	4.22113e-11	88989.2	0
0.372214	2	1	1	4.22113e-11	88989.2	0
0.373214	2	1	1	4.22113e-11	88989.2	0
0.374214	2	1	1	4.22113e-11	88989.2	0
0.375214	2	1	1	4.22113e-11	88989.2	0
0.376214	2	1	1	4.22113e-11	88989.2	0
0.377214	2	1	1	4.22113e-11	88989.2	0
0.378214	2	1	1	4.22113e-11	88989.2	0
0.379214	2	1	1	4.22113e-11	88989.2	0
0.380214	2	1	1	4.22113e-11	88989.2	0
0.381214	2	1	1	4.22113e-11	88989.2	0
0.382214	2	1	1	4.22113e-11	88989.2	0
0.383214	2	1	1	4.22113e-11	88989.2	0
0.384214	2	1	1	4.22113e-11	88989.2	0
0.385214	2	1	1	4.22113e-11	88989.2	0
0.386214	2	1	1	4.22113e-11	88989.2	0
0.387214	2	1	1	4.22113e-11	88989.2	0
0.388214	2	1	1	4.22113e-11	88989.2	0
0.389214	2	1	1	4.22113e-11	88989.2	0
0.390214	2	1	1	4.22113e-11	88989.2	0
0.391214	2	1	1	4.22113e-11	88989.2	0
0.392214	2	1	1	4.22113e-11	88989.2	0
0.393214	2	1	1	4.22113e-11	88989.2	0
0.394214	2	1	1	4.22113e-11	88989.2	0
0.395214	2	1	1	4.22113e-11	88989.2	0
0.396214	2	1	1	4.22113e-11	88989.2	0
0.397214	2	1	1	4.22113e-11	88989.2	0
0.398214	2	1	1	4.22113e-11	88989.2	0
0.399214	2	1	1	4.22113e-11	88989.2	0
0.400214	2	1	1	4.22113e-11	88989.2	0
0.401214	2	1	1	4.22113e-11	88989.2	0
0.402214	2	1	1	4.22113e-11	88989.2	0
0.403214	2	1	1	4.22113e-11	88989.2	0
0.404214	2	1	1	4.22113e-11	88989.2	0
0.405214	2	1	1	4.22113e-11	88989.2	0
0.406214	2	1	1	4.22113e-11	88989.2	0
0.407214	2	1	1	4.22113e-11	88989.2	0
0.408214	2	1	1	4.22113e-11	88989.2	0
0.409214	2	1	1	4.22113e-11	88989.2	0
0.410214	2	1	1	4.22113e-11	88989.2	0
0.411214	2	1	1	4.22113e-11	88989.2	0
0.412214	2	1	1	4.22113e-11	88989.2	0
0.413214	2	1	1	4.22113e-11	88989.2	0
0.414214	2	1	1	4.22113e-11	88989.2	0
0.415214	2	1	1	4.22113e-11	88989.2	0
0.416214	2	1	1	4.22113e-11	88989.2	0
0.417214	2	1	1	4.22113e-11	88989.2	0
0.418214	2	1	1	4.22113e-11	88989.2	0
0.419214	2	1	1	4.22113e-11	88989.2	0
0.420214	2	1	1	4.22113e-11	88989.2	0
0.421214	2	1	1	4.22113e-11	88989.2	0
0.422214	2	1	1	4.22113e-11	88989.2	0
0.423214	2	1	1	4.22113e-11	88989.2	0
0.424214	2	1	1	4.22113e-11	88989.2	0
0.425214	2	1	1	4.22113e-11	88989.2	0
0.426214	2	1	1	4.22113e-11	88989.2	0
0.427214	2	1	1	4.22113e-11	88989.2	0
0.428214	2	1	1	4.22113e-11	88989.2	0
0.429214	2	1	1	4.22113e-11	88989.2	0
0.430214	2	1	1	4.22113e-11	88989.2	0
0.431214	2	1	1	4.22113e-11	88989.2	0
0.432214	2	1	1	4.22113e-11	88989.2	0
0.433214	2	1	1	4.22113e-11	88989.2	0
0.434214	2	1	1	4.22113e-11	88989.2	0
0.435214	2	1	1	4.22113e-11	88989.2	0
0.436214	2	1	1	4.22113e-11	88989.2	0
0.437214	2	1	1	4.22113e-11	88989.2	0
0.438214	2	1	1	4.22113e-11	88989.2	0
0.439214	2	1	1	4.22113e-11	88989.2	0
0.440214	2	1	1	4.22113e-11	88989.2	0
0.441214	2	1	1	4.22113e-11	88989.2	0
0.442214	2	1	1	4.22113e-11	88989.2	0
0.443214	2	1	1	4.22113e-11	88989.2	0
0.444214	2	1	1	4.22113e-11	88989.2	0
0.445214	2	1	1	4.22113e-11	88989.2	0
0.446214	2	1	1	4.22113e-11	88989.2	0
0.447214	2	1	1	4.22113e-11	88989.2	0
0.448214	2	1	1	4.22113e-11	88989.2	0
0.449214	2	1	1	4.22113e-11	88989.2	0
0.450214	2	1	1	4.22113e-11	88989.2	0
0.451214	2	1	1	4.22113e-11	88989.2	0
0.452214	2	1	1	4.22113e-11	88989.2	0
0.453214	2	1	1	4.22113e-11	88989.2	0
0.454214	2	1	1	4.22113e-11	88989.2	0
0.455214	2	1	1	4.22113e-11	88989.2	0
0.456214	2	1	1	4.22113e-11	88989.2	0
0.457214	2	1	1	4.22113e-11	88989.2	0
0.458214	2	1	1	4.22113e-11	88989.2	0
0.459214	2	1	1	4.22113e-11	88989.2	0
0.460214	2	1	1	4.22113e-11	88989.2	0
0.461214	2	1	1	4.22113e-11	88989.2	0
0.462214	2	1	1	4.22113e-11	88989.2	0
0.463214	2	1	1	4.22113e-11	88989.2	0
0.464214	2	1	1	4.22113e-11	88989.2	0
0.465214	2	1	1	4.22113e-11	88989.2	0
0.466214	2	1	1	4.22113e-11	88989.2	0
0.467214	2	1	1	4.22113e-11	88989.2	0
0.468214	2	1	1	4.22113e-11	88989.2	0
0.469214	2	1	1	4.22113e-11	88989.2	0
0.470214	2	1	1	4.22113e-11	88989.2	0
0.471214	2	1	1	4.22113e-11	88989.2	0
0.472214	2	1	1	4.22113e-11	88989.2	0
0.473214	2	1	1	4.22113e-11	88989.2	0
0.474214	2	1	1	4.22113e-11	88989.2	0
0.475214	2	1	1	4.22113e-11	88989.2	0
0.476214	2	1	1	4.22113e-11	88989.2	0
0.477214	2	1	1	4.22113e-11	88989.2	0
0.478214	2	1	1	4.22113e-11	88989.2	0
0.479214	2	1	1	4.22113e-11	88989.2	0
0.480214	2	1	1	4.22113e-11	88989.2	0
0.481214	2	1	1	4.22113e-11	88989.2	0
0.482214	2	1	1	4.22113e-11	88989.2	0
0.483214	2	1	1	4.22113e-11	88989.2	0
0.484214	2	1	1	4.22113e-11	88989.2	0
0.485214	2	1	1	4.22113e-11	88989.2	0
0.486214	2	1	1	4.22113e-11	88989.2	0
0.487214	2	1	1	4.22113e-11	88989.2	0
0.488214	2	1	1	4.22113e-11	88989.2	0
0.489214	2	1	1	4.22113e-11	88989.2	0
0.490214	2	1	1	4.22113e-11	88989.2	0
0.491214	2	1	1	4.22113e-11	88989.2	0
0.492214	2	1	1	4.22113e-11	88989.2	0
0.493214	2	1	1	4.22113e-11	88989.2	0
0.494214	2	1	1	4.22113e-11	88989.2	0
0.495214	2	1	1	4.22113e-11	88989.2	0
0.496214	2	1	1	4.22113e-11	88989.2	0
0.497214	2	1	1	4.22113e-11	88989.2	0
0.498214	2	1	1	4.22113e-11	88989.2	0
0.499214	2	1	1	4.22113e-11	88989.2	0
0.500214	2	1	1	4.22113e-11	88989.2	0
0.501214	2	1	1	4.22113e-11	88989.2	0
0.502214	2	1	1	4.22113e-11	88989.2	0
0.503214	2	1	1	4.22113e-11	88989.2	0
0.504214	2	1	1	4.22113e-11	88989.2	0
0.505214	2	1	1	4.22113e-11	88989.2	0
0.506214	2	1	1	4.22113e-11	88989.2	0
0.507214	2	1	1	4.22113e-11	88989.2	0
0.508214	2	1	1	4.22113e-11	88989.2	0
0.509214	2	1	1	4.22113e-11	88989.2	0
