% time	cellId	Interference
0.0249286	1	1.25893e-20 1.25893e-20 1.25893e-20 1.25893e-20 1.25893e-20 1.25893e-20 1.25893e-20 1.25893e-20 1.25893e-20 1.25893e-20 1.25893e-20 1.25893e-20 1.25893e-20 1.25893e-20 1.25893e-20 1.25893e-20 1.25893e-20 1.25893e-20 1.25893e-20 1.25893e-20 1.25893e-20 1.25893e-20 1.25893e-20 1.25893e-20 1.25893e-20 
0.0399286	1	1.25893e-20 1.25893e-20 1.25893e-20 1.25893e-20 1.25893e-20 1.25893e-20 1.25893e-20 1.25893e-20 1.25893e-20 1.25893e-20 1.25893e-20 1.25893e-20 1.25893e-20 1.25893e-20 1.25893e-20 1.25893e-20 1.25893e-20 1.25893e-20 1.25893e-20 1.25893e-20 1.25893e-20 1.25893e-20 1.25893e-20 1.25893e-20 1.25893e-20 
0.0559286	1	1.25893e-20 1.25893e-20 1.25893e-20 1.25893e-20 1.25893e-20 1.25893e-20 1.25893e-20 1.25893e-20 1.25893e-20 1.25893e-20 1.25893e-20 1.25893e-20 1.25893e-20 1.25893e-20 1.25893e-20 1.25893e-20 1.25893e-20 1.25893e-20 1.25893e-20 1.25893e-20 1.25893e-20 1.25893e-20 1.25893e-20 1.25893e-20 1.25893e-20 
0.0709286	1	1.25893e-20 1.25893e-20 1.25893e-20 1.25893e-20 1.25893e-20 1.25893e-20 1.25893e-20 1.25893e-20 1.25893e-20 1.25893e-20 1.25893e-20 1.25893e-20 1.25893e-20 1.25893e-20 1.25893e-20 1.25893e-20 1.25893e-20 1.25893e-20 1.25893e-20 1.25893e-20 1.25893e-20 1.25893e-20 1.25893e-20 1.25893e-20 1.25893e-20 
0.0809286	1	1.25893e-20 1.25893e-20 1.25893e-20 1.25893e-20 1.25893e-20 1.25893e-20 1.25893e-20 1.25893e-20 1.25893e-20 1.25893e-20 1.25893e-20 1.25893e-20 1.25893e-20 1.25893e-20 1.25893e-20 1.25893e-20 1.25893e-20 1.25893e-20 1.25893e-20 1.25893e-20 1.25893e-20 1.25893e-20 1.25893e-20 1.25893e-20 1.25893e-20 
0.0909286	1	1.25893e-20 1.25893e-20 1.25893e-20 1.25893e-20 1.25893e-20 1.25893e-20 1.25893e-20 1.25893e-20 1.25893e-20 1.25893e-20 1.25893e-20 1.25893e-20 1.25893e-20 1.25893e-20 1.25893e-20 1.25893e-20 1.25893e-20 1.25893e-20 1.25893e-20 1.25893e-20 1.25893e-20 1.25893e-20 1.25893e-20 1.25893e-20 1.25893e-20 
0.100929	1	1.25893e-20 1.25893e-20 1.25893e-20 1.25893e-20 1.25893e-20 1.25893e-20 1.25893e-20 1.25893e-20 1.25893e-20 1.25893e-20 1.25893e-20 1.25893e-20 1.25893e-20 1.25893e-20 1.25893e-20 1.25893e-20 1.25893e-20 1.25893e-20 1.25893e-20 1.25893e-20 1.25893e-20 1.25893e-20 1.25893e-20 1.25893e-20 1.25893e-20 
0.110929	1	1.25893e-20 1.25893e-20 1.25893e-20 1.25893e-20 1.25893e-20 1.25893e-20 1.25893e-20 1.25893e-20 1.25893e-20 1.25893e-20 1.25893e-20 1.25893e-20 1.25893e-20 1.25893e-20 1.25893e-20 1.25893e-20 1.25893e-20 1.25893e-20 1.25893e-20 1.25893e-20 1.25893e-20 1.25893e-20 1.25893e-20 1.25893e-20 1.25893e-20 
0.120929	1	1.25893e-20 1.25893e-20 1.25893e-20 1.25893e-20 1.25893e-20 1.25893e-20 1.25893e-20 1.25893e-20 1.25893e-20 1.25893e-20 1.25893e-20 1.25893e-20 1.25893e-20 1.25893e-20 1.25893e-20 1.25893e-20 1.25893e-20 1.25893e-20 1.25893e-20 1.25893e-20 1.25893e-20 1.25893e-20 1.25893e-20 1.25893e-20 1.25893e-20 
0.130929	1	1.25893e-20 1.25893e-20 1.25893e-20 1.25893e-20 1.25893e-20 1.25893e-20 1.25893e-20 1.25893e-20 1.25893e-20 1.25893e-20 1.25893e-20 1.25893e-20 1.25893e-20 1.25893e-20 1.25893e-20 1.25893e-20 1.25893e-20 1.25893e-20 1.25893e-20 1.25893e-20 1.25893e-20 1.25893e-20 1.25893e-20 1.25893e-20 1.25893e-20 
0.140929	1	1.25893e-20 1.25893e-20 1.25893e-20 1.25893e-20 1.25893e-20 1.25893e-20 1.25893e-20 1.25893e-20 1.25893e-20 1.25893e-20 1.25893e-20 1.25893e-20 1.25893e-20 1.25893e-20 1.25893e-20 1.25893e-20 1.25893e-20 1.25893e-20 1.25893e-20 1.25893e-20 1.25893e-20 1.25893e-20 1.25893e-20 1.25893e-20 1.25893e-20 
0.150929	1	1.25893e-20 1.25893e-20 1.25893e-20 1.25893e-20 1.25893e-20 1.25893e-20 1.25893e-20 1.25893e-20 1.25893e-20 1.25893e-20 1.25893e-20 1.25893e-20 1.25893e-20 1.25893e-20 1.25893e-20 1.25893e-20 1.25893e-20 1.25893e-20 1.25893e-20 1.25893e-20 1.25893e-20 1.25893e-20 1.25893e-20 1.25893e-20 1.25893e-20 
0.160929	1	1.25893e-20 1.25893e-20 1.25893e-20 1.25893e-20 1.25893e-20 1.25893e-20 1.25893e-20 1.25893e-20 1.25893e-20 1.25893e-20 1.25893e-20 1.25893e-20 1.25893e-20 1.25893e-20 1.25893e-20 1.25893e-20 1.25893e-20 1.25893e-20 1.25893e-20 1.25893e-20 1.25893e-20 1.25893e-20 1.25893e-20 1.25893e-20 1.25893e-20 
0.170929	1	1.25893e-20 1.25893e-20 1.25893e-20 1.25893e-20 1.25893e-20 1.25893e-20 1.25893e-20 1.25893e-20 1.25893e-20 1.25893e-20 1.25893e-20 1.25893e-20 1.25893e-20 1.25893e-20 1.25893e-20 1.25893e-20 1.25893e-20 1.25893e-20 1.25893e-20 1.25893e-20 1.25893e-20 1.25893e-20 1.25893e-20 1.25893e-20 1.25893e-20 
0.180929	1	1.25893e-20 1.25893e-20 1.25893e-20 1.25893e-20 1.25893e-20 1.25893e-20 1.25893e-20 1.25893e-20 1.25893e-20 1.25893e-20 1.25893e-20 1.25893e-20 1.25893e-20 1.25893e-20 1.25893e-20 1.25893e-20 1.25893e-20 1.25893e-20 1.25893e-20 1.25893e-20 1.25893e-20 1.25893e-20 1.25893e-20 1.25893e-20 1.25893e-20 
0.190929	1	1.25893e-20 1.25893e-20 1.25893e-20 1.25893e-20 1.25893e-20 1.25893e-20 1.25893e-20 1.25893e-20 1.25893e-20 1.25893e-20 1.25893e-20 1.25893e-20 1.25893e-20 1.25893e-20 1.25893e-20 1.25893e-20 1.25893e-20 1.25893e-20 1.25893e-20 1.25893e-20 1.25893e-20 1.25893e-20 1.25893e-20 1.25893e-20 1.25893e-20 
0.200929	1	1.25893e-20 1.25893e-20 1.25893e-20 1.25893e-20 1.25893e-20 1.25893e-20 1.25893e-20 1.25893e-20 1.25893e-20 1.25893e-20 1.25893e-20 1.25893e-20 1.25893e-20 1.25893e-20 1.25893e-20 1.25893e-20 1.25893e-20 1.25893e-20 1.25893e-20 1.25893e-20 1.25893e-20 1.25893e-20 1.25893e-20 1.25893e-20 1.25893e-20 
0.210929	1	1.25893e-20 1.25893e-20 1.25893e-20 1.25893e-20 1.25893e-20 1.25893e-20 1.25893e-20 1.25893e-20 1.25893e-20 1.25893e-20 1.25893e-20 1.25893e-20 1.25893e-20 1.25893e-20 1.25893e-20 1.25893e-20 1.25893e-20 1.25893e-20 1.25893e-20 1.25893e-20 1.25893e-20 1.25893e-20 1.25893e-20 1.25893e-20 1.25893e-20 
0.212929	1	1.25893e-20 1.25893e-20 1.25893e-20 1.25893e-20 1.25893e-20 1.25893e-20 1.25893e-20 1.25893e-20 1.25893e-20 1.25893e-20 1.25893e-20 1.25893e-20 1.25893e-20 1.25893e-20 1.25893e-20 1.25893e-20 1.25893e-20 1.25893e-20 1.25893e-20 1.25893e-20 1.25893e-20 1.25893e-20 1.25893e-20 1.25893e-20 1.25893e-20 
0.220929	1	1.25893e-20 1.25893e-20 1.25893e-20 1.25893e-20 1.25893e-20 1.25893e-20 1.25893e-20 1.25893e-20 1.25893e-20 1.25893e-20 1.25893e-20 1.25893e-20 1.25893e-20 1.25893e-20 1.25893e-20 1.25893e-20 1.25893e-20 1.25893e-20 1.25893e-20 1.25893e-20 1.25893e-20 1.25893e-20 1.25893e-20 1.25893e-20 1.25893e-20 
0.230929	1	1.25893e-20 1.25893e-20 1.25893e-20 1.25893e-20 1.25893e-20 1.25893e-20 1.25893e-20 1.25893e-20 1.25893e-20 1.25893e-20 1.25893e-20 1.25893e-20 1.25893e-20 1.25893e-20 1.25893e-20 1.25893e-20 1.25893e-20 1.25893e-20 1.25893e-20 1.25893e-20 1.25893e-20 1.25893e-20 1.25893e-20 1.25893e-20 1.25893e-20 
0.240929	1	1.25893e-20 1.25893e-20 1.25893e-20 1.25893e-20 1.25893e-20 1.25893e-20 1.25893e-20 1.25893e-20 1.25893e-20 1.25893e-20 1.25893e-20 1.25893e-20 1.25893e-20 1.25893e-20 1.25893e-20 1.25893e-20 1.25893e-20 1.25893e-20 1.25893e-20 1.25893e-20 1.25893e-20 1.25893e-20 1.25893e-20 1.25893e-20 1.25893e-20 
0.250929	1	1.25893e-20 1.25893e-20 1.25893e-20 1.25893e-20 1.25893e-20 1.25893e-20 1.25893e-20 1.25893e-20 1.25893e-20 1.25893e-20 1.25893e-20 1.25893e-20 1.25893e-20 1.25893e-20 1.25893e-20 1.25893e-20 1.25893e-20 1.25893e-20 1.25893e-20 1.25893e-20 1.25893e-20 1.25893e-20 1.25893e-20 1.25893e-20 1.25893e-20 
0.260929	1	1.25893e-20 1.25893e-20 1.25893e-20 1.25893e-20 1.25893e-20 1.25893e-20 1.25893e-20 1.25893e-20 1.25893e-20 1.25893e-20 1.25893e-20 1.25893e-20 1.25893e-20 1.25893e-20 1.25893e-20 1.25893e-20 1.25893e-20 1.25893e-20 1.25893e-20 1.25893e-20 1.25893e-20 1.25893e-20 1.25893e-20 1.25893e-20 1.25893e-20 
0.270929	1	1.25893e-20 1.25893e-20 1.25893e-20 1.25893e-20 1.25893e-20 1.25893e-20 1.25893e-20 1.25893e-20 1.25893e-20 1.25893e-20 1.25893e-20 1.25893e-20 1.25893e-20 1.25893e-20 1.25893e-20 1.25893e-20 1.25893e-20 1.25893e-20 1.25893e-20 1.25893e-20 1.25893e-20 1.25893e-20 1.25893e-20 1.25893e-20 1.25893e-20 
0.280929	1	1.25893e-20 1.25893e-20 1.25893e-20 1.25893e-20 1.25893e-20 1.25893e-20 1.25893e-20 1.25893e-20 1.25893e-20 1.25893e-20 1.25893e-20 1.25893e-20 1.25893e-20 1.25893e-20 1.25893e-20 1.25893e-20 1.25893e-20 1.25893e-20 1.25893e-20 1.25893e-20 1.25893e-20 1.25893e-20 1.25893e-20 1.25893e-20 1.25893e-20 
0.290929	1	1.25893e-20 1.25893e-20 1.25893e-20 1.25893e-20 1.25893e-20 1.25893e-20 1.25893e-20 1.25893e-20 1.25893e-20 1.25893e-20 1.25893e-20 1.25893e-20 1.25893e-20 1.25893e-20 1.25893e-20 1.25893e-20 1.25893e-20 1.25893e-20 1.25893e-20 1.25893e-20 1.25893e-20 1.25893e-20 1.25893e-20 1.25893e-20 1.25893e-20 
0.300929	1	1.25893e-20 1.25893e-20 1.25893e-20 1.25893e-20 1.25893e-20 1.25893e-20 1.25893e-20 1.25893e-20 1.25893e-20 1.25893e-20 1.25893e-20 1.25893e-20 1.25893e-20 1.25893e-20 1.25893e-20 1.25893e-20 1.25893e-20 1.25893e-20 1.25893e-20 1.25893e-20 1.25893e-20 1.25893e-20 1.25893e-20 1.25893e-20 1.25893e-20 
0.319929	2	1.25893e-20 1.25893e-20 1.25893e-20 1.25893e-20 1.25893e-20 1.25893e-20 1.25893e-20 1.25893e-20 1.25893e-20 1.25893e-20 1.25893e-20 1.25893e-20 1.25893e-20 1.25893e-20 1.25893e-20 1.25893e-20 1.25893e-20 1.25893e-20 1.25893e-20 1.25893e-20 1.25893e-20 1.25893e-20 1.25893e-20 1.25893e-20 1.25893e-20 
0.320929	2	1.25893e-20 1.25893e-20 1.25893e-20 1.25893e-20 1.25893e-20 1.25893e-20 1.25893e-20 1.25893e-20 1.25893e-20 1.25893e-20 1.25893e-20 1.25893e-20 1.25893e-20 1.25893e-20 1.25893e-20 1.25893e-20 1.25893e-20 1.25893e-20 1.25893e-20 1.25893e-20 1.25893e-20 1.25893e-20 1.25893e-20 1.25893e-20 1.25893e-20 
0.321929	2	1.25893e-20 1.25893e-20 1.25893e-20 1.25893e-20 1.25893e-20 1.25893e-20 1.25893e-20 1.25893e-20 1.25893e-20 1.25893e-20 1.25893e-20 1.25893e-20 1.25893e-20 1.25893e-20 1.25893e-20 1.25893e-20 1.25893e-20 1.25893e-20 1.25893e-20 1.25893e-20 1.25893e-20 1.25893e-20 1.25893e-20 1.25893e-20 1.25893e-20 
0.322929	2	1.25893e-20 1.25893e-20 1.25893e-20 1.25893e-20 1.25893e-20 1.25893e-20 1.25893e-20 1.25893e-20 1.25893e-20 1.25893e-20 1.25893e-20 1.25893e-20 1.25893e-20 1.25893e-20 1.25893e-20 1.25893e-20 1.25893e-20 1.25893e-20 1.25893e-20 1.25893e-20 1.25893e-20 1.25893e-20 1.25893e-20 1.25893e-20 1.25893e-20 
0.323929	2	1.25893e-20 1.25893e-20 1.25893e-20 1.25893e-20 1.25893e-20 1.25893e-20 1.25893e-20 1.25893e-20 1.25893e-20 1.25893e-20 1.25893e-20 1.25893e-20 1.25893e-20 1.25893e-20 1.25893e-20 1.25893e-20 1.25893e-20 1.25893e-20 1.25893e-20 1.25893e-20 1.25893e-20 1.25893e-20 1.25893e-20 1.25893e-20 1.25893e-20 
0.324929	2	1.25893e-20 1.25893e-20 1.25893e-20 1.25893e-20 1.25893e-20 1.25893e-20 1.25893e-20 1.25893e-20 1.25893e-20 1.25893e-20 1.25893e-20 1.25893e-20 1.25893e-20 1.25893e-20 1.25893e-20 1.25893e-20 1.25893e-20 1.25893e-20 1.25893e-20 1.25893e-20 1.25893e-20 1.25893e-20 1.25893e-20 1.25893e-20 1.25893e-20 
0.325929	2	1.25893e-20 1.25893e-20 1.25893e-20 1.25893e-20 1.25893e-20 1.25893e-20 1.25893e-20 1.25893e-20 1.25893e-20 1.25893e-20 1.25893e-20 1.25893e-20 1.25893e-20 1.25893e-20 1.25893e-20 1.25893e-20 1.25893e-20 1.25893e-20 1.25893e-20 1.25893e-20 1.25893e-20 1.25893e-20 1.25893e-20 1.25893e-20 1.25893e-20 
0.326929	2	1.25893e-20 1.25893e-20 1.25893e-20 1.25893e-20 1.25893e-20 1.25893e-20 1.25893e-20 1.25893e-20 1.25893e-20 1.25893e-20 1.25893e-20 1.25893e-20 1.25893e-20 1.25893e-20 1.25893e-20 1.25893e-20 1.25893e-20 1.25893e-20 1.25893e-20 1.25893e-20 1.25893e-20 1.25893e-20 1.25893e-20 1.25893e-20 1.25893e-20 
0.327929	2	1.25893e-20 1.25893e-20 1.25893e-20 1.25893e-20 1.25893e-20 1.25893e-20 1.25893e-20 1.25893e-20 1.25893e-20 1.25893e-20 1.25893e-20 1.25893e-20 1.25893e-20 1.25893e-20 1.25893e-20 1.25893e-20 1.25893e-20 1.25893e-20 1.25893e-20 1.25893e-20 1.25893e-20 1.25893e-20 1.25893e-20 1.25893e-20 1.25893e-20 
0.330929	2	1.25893e-20 1.25893e-20 1.25893e-20 1.25893e-20 1.25893e-20 1.25893e-20 1.25893e-20 1.25893e-20 1.25893e-20 1.25893e-20 1.25893e-20 1.25893e-20 1.25893e-20 1.25893e-20 1.25893e-20 1.25893e-20 1.25893e-20 1.25893e-20 1.25893e-20 1.25893e-20 1.25893e-20 1.25893e-20 1.25893e-20 1.25893e-20 1.25893e-20 
0.333929	2	1.25893e-20 1.25893e-20 1.25893e-20 1.25893e-20 1.25893e-20 1.25893e-20 1.25893e-20 1.25893e-20 1.25893e-20 1.25893e-20 1.25893e-20 1.25893e-20 1.25893e-20 1.25893e-20 1.25893e-20 1.25893e-20 1.25893e-20 1.25893e-20 1.25893e-20 1.25893e-20 1.25893e-20 1.25893e-20 1.25893e-20 1.25893e-20 1.25893e-20 
0.335929	2	1.25893e-20 1.25893e-20 1.25893e-20 1.25893e-20 1.25893e-20 1.25893e-20 1.25893e-20 1.25893e-20 1.25893e-20 1.25893e-20 1.25893e-20 1.25893e-20 1.25893e-20 1.25893e-20 1.25893e-20 1.25893e-20 1.25893e-20 1.25893e-20 1.25893e-20 1.25893e-20 1.25893e-20 1.25893e-20 1.25893e-20 1.25893e-20 1.25893e-20 
0.350929	2	1.25893e-20 1.25893e-20 1.25893e-20 1.25893e-20 1.25893e-20 1.25893e-20 1.25893e-20 1.25893e-20 1.25893e-20 1.25893e-20 1.25893e-20 1.25893e-20 1.25893e-20 1.25893e-20 1.25893e-20 1.25893e-20 1.25893e-20 1.25893e-20 1.25893e-20 1.25893e-20 1.25893e-20 1.25893e-20 1.25893e-20 1.25893e-20 1.25893e-20 
0.360929	2	1.25893e-20 1.25893e-20 1.25893e-20 1.25893e-20 1.25893e-20 1.25893e-20 1.25893e-20 1.25893e-20 1.25893e-20 1.25893e-20 1.25893e-20 1.25893e-20 1.25893e-20 1.25893e-20 1.25893e-20 1.25893e-20 1.25893e-20 1.25893e-20 1.25893e-20 1.25893e-20 1.25893e-20 1.25893e-20 1.25893e-20 1.25893e-20 1.25893e-20 
0.370929	2	1.25893e-20 1.25893e-20 1.25893e-20 1.25893e-20 1.25893e-20 1.25893e-20 1.25893e-20 1.25893e-20 1.25893e-20 1.25893e-20 1.25893e-20 1.25893e-20 1.25893e-20 1.25893e-20 1.25893e-20 1.25893e-20 1.25893e-20 1.25893e-20 1.25893e-20 1.25893e-20 1.25893e-20 1.25893e-20 1.25893e-20 1.25893e-20 1.25893e-20 
0.380929	2	1.25893e-20 1.25893e-20 1.25893e-20 1.25893e-20 1.25893e-20 1.25893e-20 1.25893e-20 1.25893e-20 1.25893e-20 1.25893e-20 1.25893e-20 1.25893e-20 1.25893e-20 1.25893e-20 1.25893e-20 1.25893e-20 1.25893e-20 1.25893e-20 1.25893e-20 1.25893e-20 1.25893e-20 1.25893e-20 1.25893e-20 1.25893e-20 1.25893e-20 
0.390929	2	1.25893e-20 1.25893e-20 1.25893e-20 1.25893e-20 1.25893e-20 1.25893e-20 1.25893e-20 1.25893e-20 1.25893e-20 1.25893e-20 1.25893e-20 1.25893e-20 1.25893e-20 1.25893e-20 1.25893e-20 1.25893e-20 1.25893e-20 1.25893e-20 1.25893e-20 1.25893e-20 1.25893e-20 1.25893e-20 1.25893e-20 1.25893e-20 1.25893e-20 
0.400929	2	1.25893e-20 1.25893e-20 1.25893e-20 1.25893e-20 1.25893e-20 1.25893e-20 1.25893e-20 1.25893e-20 1.25893e-20 1.25893e-20 1.25893e-20 1.25893e-20 1.25893e-20 1.25893e-20 1.25893e-20 1.25893e-20 1.25893e-20 1.25893e-20 1.25893e-20 1.25893e-20 1.25893e-20 1.25893e-20 1.25893e-20 1.25893e-20 1.25893e-20 
0.410929	2	1.25893e-20 1.25893e-20 1.25893e-20 1.25893e-20 1.25893e-20 1.25893e-20 1.25893e-20 1.25893e-20 1.25893e-20 1.25893e-20 1.25893e-20 1.25893e-20 1.25893e-20 1.25893e-20 1.25893e-20 1.25893e-20 1.25893e-20 1.25893e-20 1.25893e-20 1.25893e-20 1.25893e-20 1.25893e-20 1.25893e-20 1.25893e-20 1.25893e-20 
0.412929	2	1.25893e-20 1.25893e-20 1.25893e-20 1.25893e-20 1.25893e-20 1.25893e-20 1.25893e-20 1.25893e-20 1.25893e-20 1.25893e-20 1.25893e-20 1.25893e-20 1.25893e-20 1.25893e-20 1.25893e-20 1.25893e-20 1.25893e-20 1.25893e-20 1.25893e-20 1.25893e-20 1.25893e-20 1.25893e-20 1.25893e-20 1.25893e-20 1.25893e-20 
0.420929	2	1.25893e-20 1.25893e-20 1.25893e-20 1.25893e-20 1.25893e-20 1.25893e-20 1.25893e-20 1.25893e-20 1.25893e-20 1.25893e-20 1.25893e-20 1.25893e-20 1.25893e-20 1.25893e-20 1.25893e-20 1.25893e-20 1.25893e-20 1.25893e-20 1.25893e-20 1.25893e-20 1.25893e-20 1.25893e-20 1.25893e-20 1.25893e-20 1.25893e-20 
0.430929	2	1.25893e-20 1.25893e-20 1.25893e-20 1.25893e-20 1.25893e-20 1.25893e-20 1.25893e-20 1.25893e-20 1.25893e-20 1.25893e-20 1.25893e-20 1.25893e-20 1.25893e-20 1.25893e-20 1.25893e-20 1.25893e-20 1.25893e-20 1.25893e-20 1.25893e-20 1.25893e-20 1.25893e-20 1.25893e-20 1.25893e-20 1.25893e-20 1.25893e-20 
0.440929	2	1.25893e-20 1.25893e-20 1.25893e-20 1.25893e-20 1.25893e-20 1.25893e-20 1.25893e-20 1.25893e-20 1.25893e-20 1.25893e-20 1.25893e-20 1.25893e-20 1.25893e-20 1.25893e-20 1.25893e-20 1.25893e-20 1.25893e-20 1.25893e-20 1.25893e-20 1.25893e-20 1.25893e-20 1.25893e-20 1.25893e-20 1.25893e-20 1.25893e-20 
0.450929	2	1.25893e-20 1.25893e-20 1.25893e-20 1.25893e-20 1.25893e-20 1.25893e-20 1.25893e-20 1.25893e-20 1.25893e-20 1.25893e-20 1.25893e-20 1.25893e-20 1.25893e-20 1.25893e-20 1.25893e-20 1.25893e-20 1.25893e-20 1.25893e-20 1.25893e-20 1.25893e-20 1.25893e-20 1.25893e-20 1.25893e-20 1.25893e-20 1.25893e-20 
0.460929	2	1.25893e-20 1.25893e-20 1.25893e-20 1.25893e-20 1.25893e-20 1.25893e-20 1.25893e-20 1.25893e-20 1.25893e-20 1.25893e-20 1.25893e-20 1.25893e-20 1.25893e-20 1.25893e-20 1.25893e-20 1.25893e-20 1.25893e-20 1.25893e-20 1.25893e-20 1.25893e-20 1.25893e-20 1.25893e-20 1.25893e-20 1.25893e-20 1.25893e-20 
0.470929	2	1.25893e-20 1.25893e-20 1.25893e-20 1.25893e-20 1.25893e-20 1.25893e-20 1.25893e-20 1.25893e-20 1.25893e-20 1.25893e-20 1.25893e-20 1.25893e-20 1.25893e-20 1.25893e-20 1.25893e-20 1.25893e-20 1.25893e-20 1.25893e-20 1.25893e-20 1.25893e-20 1.25893e-20 1.25893e-20 1.25893e-20 1.25893e-20 1.25893e-20 
0.480929	2	1.25893e-20 1.25893e-20 1.25893e-20 1.25893e-20 1.25893e-20 1.25893e-20 1.25893e-20 1.25893e-20 1.25893e-20 1.25893e-20 1.25893e-20 1.25893e-20 1.25893e-20 1.25893e-20 1.25893e-20 1.25893e-20 1.25893e-20 1.25893e-20 1.25893e-20 1.25893e-20 1.25893e-20 1.25893e-20 1.25893e-20 1.25893e-20 1.25893e-20 
0.490929	2	1.25893e-20 1.25893e-20 1.25893e-20 1.25893e-20 1.25893e-20 1.25893e-20 1.25893e-20 1.25893e-20 1.25893e-20 1.25893e-20 1.25893e-20 1.25893e-20 1.25893e-20 1.25893e-20 1.25893e-20 1.25893e-20 1.25893e-20 1.25893e-20 1.25893e-20 1.25893e-20 1.25893e-20 1.25893e-20 1.25893e-20 1.25893e-20 1.25893e-20 
0.500929	2	1.25893e-20 1.25893e-20 1.25893e-20 1.25893e-20 1.25893e-20 1.25893e-20 1.25893e-20 1.25893e-20 1.25893e-20 1.25893e-20 1.25893e-20 1.25893e-20 1.25893e-20 1.25893e-20 1.25893e-20 1.25893e-20 1.25893e-20 1.25893e-20 1.25893e-20 1.25893e-20 1.25893e-20 1.25893e-20 1.25893e-20 1.25893e-20 1.25893e-20 
