% start	end	CellId	IMSI	RNTI	LCID	nTxPDUs	TxBytes	nRxPDUs	RxBytes	delay	stdDev	min	max	PduSize	stdDev	min	max
0	1	1	1	12	1	2	7	2	7	0.0119286	0	0.0119286	0.0119286	3.5	0.707107	3	4	
0	1	1	1	12	4	17	17918	17	17918	0.0133213	0.000332106	0.012439	0.013439	1054	0	1054	1054	
0	1	1	2	3	1	2	7	2	7	0.0119286	0	0.0119286	0.0119286	3.5	0.707107	3	4	
0	1	1	2	3	4	18	18972	17	17918	0.0127805	0	0.0127805	0.0127805	1054	0	1054	1054	
0	1	1	3	11	1	2	7	2	7	0.0119286	0	0.0119286	0.0119286	3.5	0.707107	3	4	
0	1	1	3	11	4	25	26350	25	26350	0.0122805	0	0.0122805	0.0122805	1054	0	1054	1054	
0	1	1	4	2	1	2	7	2	7	0.0119286	0	0.0119286	0.0119286	3.5	0.707107	3	4	
0	1	1	4	2	4	35	36890	34	35836	0.0192093	0.015898	0.012474	0.081474	1054	0	1054	1054	
0	1	1	5	15	1	2	7	2	7	0.0119286	0	0.0119286	0.0119286	3.5	0.707107	3	4	
0	1	1	5	15	4	4	4216	3	3162	0.012145	0	0.012145	0.012145	1054	0	1054	1054	
0	1	1	6	4	1	2	7	2	7	0.0119286	0	0.0119286	0.0119286	3.5	0.707107	3	4	
0	1	1	6	4	4	27	28458	27	28458	0.0127148	0.000500712	0.0121222	0.0131222	1054	0	1054	1054	
0	1	1	7	16	1	2	7	2	7	0.0119286	0	0.0119286	0.0119286	3.5	0.707107	3	4	
0	1	1	7	16	4	33	34782	32	33728	0.0207486	0.0195654	0.0127799	0.0927799	1054	0	1054	1054	
0	1	1	8	1	1	2	7	2	7	0.0119286	0	0.0119286	0.0119286	3.5	0.707107	3	4	
0	1	1	8	1	4	15	15810	15	15810	0.0136633	0	0.0136633	0.0136633	1054	0	1054	1054	
0	1	1	9	13	1	2	7	2	7	0.0119286	0	0.0119286	0.0119286	3.5	0.707107	3	4	
0	1	1	9	13	4	31	32674	30	31620	0.0176751	0.0153877	0.0125751	0.0735751	1054	0	1054	1054	
0	1	1	10	14	1	2	7	2	7	0.0119286	0	0.0119286	0.0119286	3.5	0.707107	3	4	
0	1	1	10	14	4	31	32674	31	32674	0.0190702	0.0186179	0.0122637	0.0872637	1054	0	1054	1054	
1	2	1	1	12	4	40	42160	40	42160	0.013439	0	0.013439	0.013439	1054	0	1054	1054	
1	2	1	2	3	4	40	42160	40	42160	0.0127805	0	0.0127805	0.0127805	1054	0	1054	1054	
1	2	1	3	11	4	40	42160	40	42160	0.0122805	0	0.0122805	0.0122805	1054	0	1054	1054	
1	2	1	4	2	4	40	42160	40	42160	0.012474	0	0.012474	0.012474	1054	0	1054	1054	
1	2	1	5	15	4	40	42160	40	42160	0.012145	0	0.012145	0.012145	1054	0	1054	1054	
1	2	1	6	4	4	40	42160	40	42160	0.0131222	0	0.0131222	0.0131222	1054	0	1054	1054	
1	2	1	7	16	4	40	42160	40	42160	0.0127799	0	0.0127799	0.0127799	1054	0	1054	1054	
1	2	1	8	1	4	40	42160	40	42160	0.0136633	0	0.0136633	0.0136633	1054	0	1054	1054	
1	2	1	9	13	4	40	42160	40	42160	0.0125751	0	0.0125751	0.0125751	1054	0	1054	1054	
1	2	1	10	14	4	40	42160	40	42160	0.0122637	0	0.0122637	0.0122637	1054	0	1054	1054	
2	3	1	1	12	4	40	42160	40	42160	0.013439	0	0.013439	0.013439	1054	0	1054	1054	
2	3	1	2	3	4	40	42160	40	42160	0.0127805	0	0.0127805	0.0127805	1054	0	1054	1054	
2	3	1	3	11	4	40	42160	40	42160	0.0122805	0	0.0122805	0.0122805	1054	0	1054	1054	
2	3	1	4	2	4	40	42160	40	42160	0.012474	0	0.012474	0.012474	1054	0	1054	1054	
2	3	1	5	15	4	40	42160	40	42160	0.012145	0	0.012145	0.012145	1054	0	1054	1054	
2	3	1	6	4	4	40	42160	40	42160	0.0131222	0	0.0131222	0.0131222	1054	0	1054	1054	
2	3	1	7	16	4	40	42160	40	42160	0.0127799	0	0.0127799	0.0127799	1054	0	1054	1054	
2	3	1	8	1	4	40	42160	40	42160	0.0136633	0	0.0136633	0.0136633	1054	0	1054	1054	
2	3	1	9	13	4	40	42160	40	42160	0.0125751	0	0.0125751	0.0125751	1054	0	1054	1054	
2	3	1	10	14	4	40	42160	40	42160	0.0122637	0	0.0122637	0.0122637	1054	0	1054	1054	
3	4	1	1	12	4	40	42160	40	42160	0.013439	0	0.013439	0.013439	1054	0	1054	1054	
3	4	1	2	3	4	40	42160	40	42160	0.0127805	0	0.0127805	0.0127805	1054	0	1054	1054	
3	4	1	3	11	4	40	42160	40	42160	0.0122805	0	0.0122805	0.0122805	1054	0	1054	1054	
3	4	1	4	2	4	40	42160	40	42160	0.012474	0	0.012474	0.012474	1054	0	1054	1054	
3	4	1	5	15	4	40	42160	40	42160	0.012145	0	0.012145	0.012145	1054	0	1054	1054	
3	4	1	6	4	4	40	42160	40	42160	0.0131222	0	0.0131222	0.0131222	1054	0	1054	1054	
3	4	1	7	16	4	40	42160	40	42160	0.0127799	0	0.0127799	0.0127799	1054	0	1054	1054	
3	4	1	8	1	4	40	42160	40	42160	0.0136633	0	0.0136633	0.0136633	1054	0	1054	1054	
3	4	1	9	13	4	40	42160	40	42160	0.0125751	0	0.0125751	0.0125751	1054	0	1054	1054	
3	4	1	10	14	4	40	42160	40	42160	0.0122637	0	0.0122637	0.0122637	1054	0	1054	1054	
4	5	1	1	12	4	40	42160	40	42160	0.013439	0	0.013439	0.013439	1054	0	1054	1054	
4	5	1	2	3	4	40	42160	40	42160	0.0127805	0	0.0127805	0.0127805	1054	0	1054	1054	
4	5	1	3	11	4	40	42160	40	42160	0.0122805	0	0.0122805	0.0122805	1054	0	1054	1054	
4	5	1	4	2	4	40	42160	40	42160	0.012474	0	0.012474	0.012474	1054	0	1054	1054	
4	5	1	5	15	4	40	42160	40	42160	0.012145	0	0.012145	0.012145	1054	0	1054	1054	
4	5	1	6	4	4	40	42160	40	42160	0.0131222	0	0.0131222	0.0131222	1054	0	1054	1054	
4	5	1	7	16	4	40	42160	40	42160	0.0127799	0	0.0127799	0.0127799	1054	0	1054	1054	
4	5	1	8	1	4	40	42160	40	42160	0.0136633	0	0.0136633	0.0136633	1054	0	1054	1054	
4	5	1	9	13	4	40	42160	40	42160	0.0125751	0	0.0125751	0.0125751	1054	0	1054	1054	
4	5	1	10	14	4	40	42160	40	42160	0.0122637	0	0.0122637	0.0122637	1054	0	1054	1054	
5	6	1	2	3	4	0	0	1	1054	0.0127805	0	0.0127805	0.0127805	1054	0	1054	1054	
5	6	1	4	2	4	0	0	1	1054	0.012474	0	0.012474	0.012474	1054	0	1054	1054	
5	6	1	5	15	4	0	0	1	1054	0.012145	0	0.012145	0.012145	1054	0	1054	1054	
5	6	1	7	16	4	0	0	1	1054	0.0127799	0	0.0127799	0.0127799	1054	0	1054	1054	
5	6	1	9	13	4	0	0	1	1054	0.0125751	0	0.0125751	0.0125751	1054	0	1054	1054	
