% start	end	CellId	IMSI	RNTI	LCID	nTxPDUs	TxBytes	nRxPDUs	RxBytes	delay	stdDev	min	max	PduSize	stdDev	min	max
0	0.05	1	1	12	0	1	6	1	6	0	0	0	0	6	0	6	6	
0	0.05	1	1	12	1	1	8	1	8	0.00471429	0	0.00471429	0.00471429	8	0	8	8	
0	0.05	1	2	3	0	1	6	1	6	0	0	0	0	6	0	6	6	
0	0.05	1	2	3	1	1	8	1	8	0.00471429	0	0.00471429	0.00471429	8	0	8	8	
0	0.05	1	3	11	0	1	6	1	6	0	0	0	0	6	0	6	6	
0	0.05	1	3	11	1	1	8	1	8	0.00471429	0	0.00471429	0.00471429	8	0	8	8	
0	0.05	1	4	2	0	1	6	1	6	0	0	0	0	6	0	6	6	
0	0.05	1	4	2	1	1	8	1	8	0.00471429	0	0.00471429	0.00471429	8	0	8	8	
0	0.05	1	5	15	0	1	6	1	6	0	0	0	0	6	0	6	6	
0	0.05	1	5	15	1	1	8	0	0	0	0	0	0	0	0	0	0	
0	0.05	1	6	4	0	1	6	1	6	0	0	0	0	6	0	6	6	
0	0.05	1	6	4	1	1	8	1	8	0.00471429	0	0.00471429	0.00471429	8	0	8	8	
0	0.05	1	7	16	0	1	6	1	6	0	0	0	0	6	0	6	6	
0	0.05	1	7	16	1	1	8	0	0	0	0	0	0	0	0	0	0	
0	0.05	1	8	1	0	1	6	1	6	0	0	0	0	6	0	6	6	
0	0.05	1	8	1	1	1	8	1	8	0.00471429	0	0.00471429	0.00471429	8	0	8	8	
0	0.05	1	9	13	0	1	6	1	6	0	0	0	0	6	0	6	6	
0	0.05	1	9	13	1	1	8	1	8	0.00471429	0	0.00471429	0.00471429	8	0	8	8	
0	0.05	1	10	14	0	1	6	1	6	0	0	0	0	6	0	6	6	
0	0.05	1	10	14	1	1	8	1	8	0.00471429	0	0.00471429	0.00471429	8	0	8	8	
0.05	0.1	1	1	12	1	2	9	2	9	0.00471429	0	0.00471429	0.00471429	4.5	3.53553	2	7	
0.05	0.1	1	2	3	1	2	9	2	9	0.00471429	0	0.00471429	0.00471429	4.5	3.53553	2	7	
0.05	0.1	1	3	11	1	2	9	2	9	0.00471429	0	0.00471429	0.00471429	4.5	3.53553	2	7	
0.05	0.1	1	4	2	1	2	9	2	9	0.00471429	0	0.00471429	0.00471429	4.5	3.53553	2	7	
0.05	0.1	1	5	15	1	2	9	3	17	0.00471429	0	0.00471429	0.00471429	5.66667	3.21455	2	8	
0.05	0.1	1	6	4	1	2	9	2	9	0.00471429	0	0.00471429	0.00471429	4.5	3.53553	2	7	
0.05	0.1	1	7	16	1	2	9	3	17	0.00471429	0	0.00471429	0.00471429	5.66667	3.21455	2	8	
0.05	0.1	1	8	1	1	2	9	2	9	0.00471429	0	0.00471429	0.00471429	4.5	3.53553	2	7	
0.05	0.1	1	9	13	1	2	9	2	9	0.00471429	0	0.00471429	0.00471429	4.5	3.53553	2	7	
0.05	0.1	1	10	14	1	2	9	2	9	0.00471429	0	0.00471429	0.00471429	4.5	3.53553	2	7	
0.1	0.15	1	4	2	4	1	85	0	0	0	0	0	0	0	0	0	0	
0.15	0.2	1	4	2	4	26	2160	26	2160	0.00471429	0	0.00471429	0.00471429	83.0769	6.79366	60	85	
0.2	0.25	1	4	2	4	48	1978	45	1959	0.00471429	0	0.00471429	0.00471429	43.5333	17.5662	26	85	
0.2	0.25	1	7	16	4	45	1723	41	1619	0.00471429	0	0.00471429	0.00471429	39.4878	12.2762	26	85	
0.2	0.25	1	10	14	4	14	364	10	260	0.00471429	0	0.00471429	0.00471429	26	0	26	26	
0.25	0.3	1	4	2	4	50	992	50	1020	0.00471429	0	0.00471429	0.00471429	20.4	2.82843	19	26	
0.25	0.3	1	7	16	4	50	992	50	1020	0.00471429	0	0.00471429	0.00471429	20.4	2.82843	19	26	
0.25	0.3	1	9	13	4	44	836	40	760	0.00471429	0	0.00471429	0.00471429	19	0	19	19	
0.25	0.3	1	10	14	4	50	992	50	1020	0.00471429	0	0.00471429	0.00471429	20.4	2.82843	19	26	
0.3	0.35	1	4	2	4	31	4593	34	3613	0.00471429	0	0.00471429	0.00471429	106.265	194.319	19	549	
0.3	0.35	1	6	4	4	2	1058	2	1058	0.00471429	0	0.00471429	0.00471429	529	28.2843	509	549	
0.3	0.35	1	7	16	4	42	3893	46	3969	0.00471429	0	0.00471429	0.00471429	86.2826	223.802	19	1075	
0.3	0.35	1	9	13	4	39	3550	43	3626	0.00471429	0	0.00471429	0.00471429	84.3256	204.978	19	749	
0.3	0.35	1	10	14	4	41	4132	45	4208	0.00471429	0	0.00471429	0.00471429	93.5111	212.539	19	749	
0.35	0.4	1	3	11	4	1	1056	1	1056	0.00471429	0	0.00471429	0.00471429	1056	0	1056	1056	
0.35	0.4	1	4	2	4	2	2112	2	2112	0.00471429	0	0.00471429	0.00471429	1056	0	1056	1056	
0.35	0.4	1	6	4	4	2	2112	2	2112	0.00471429	0	0.00471429	0.00471429	1056	0	1056	1056	
0.35	0.4	1	7	16	4	2	2112	2	2112	0.00471429	0	0.00471429	0.00471429	1056	0	1056	1056	
0.35	0.4	1	9	13	4	2	2112	2	2112	0.00471429	0	0.00471429	0.00471429	1056	0	1056	1056	
0.35	0.4	1	10	14	4	2	2112	2	2112	0.00471429	0	0.00471429	0.00471429	1056	0	1056	1056	
0.4	0.45	1	3	11	4	2	2112	2	2112	0.00471429	0	0.00471429	0.00471429	1056	0	1056	1056	
0.4	0.45	1	4	2	4	2	2112	2	2112	0.00471429	0	0.00471429	0.00471429	1056	0	1056	1056	
0.4	0.45	1	6	4	4	2	2112	2	2112	0.00471429	0	0.00471429	0.00471429	1056	0	1056	1056	
0.4	0.45	1	7	16	4	2	2112	2	2112	0.00471429	0	0.00471429	0.00471429	1056	0	1056	1056	
0.4	0.45	1	9	13	4	2	2112	2	2112	0.00471429	0	0.00471429	0.00471429	1056	0	1056	1056	
0.4	0.45	1	10	14	4	2	2112	2	2112	0.00471429	0	0.00471429	0.00471429	1056	0	1056	1056	
0.45	0.5	1	3	11	4	2	2112	2	2112	0.00471429	0	0.00471429	0.00471429	1056	0	1056	1056	
0.45	0.5	1	4	2	4	2	2112	2	2112	0.00471429	0	0.00471429	0.00471429	1056	0	1056	1056	
0.45	0.5	1	6	4	4	2	2112	2	2112	0.00471429	0	0.00471429	0.00471429	1056	0	1056	1056	
0.45	0.5	1	7	16	4	2	2112	2	2112	0.00471429	0	0.00471429	0.00471429	1056	0	1056	1056	
0.45	0.5	1	9	13	4	2	2112	2	2112	0.00471429	0	0.00471429	0.00471429	1056	0	1056	1056	
0.45	0.5	1	10	14	4	2	2112	2	2112	0.00471429	0	0.00471429	0.00471429	1056	0	1056	1056	
0.5	0.55	1	3	11	4	2	2112	2	2112	0.00471429	0	0.00471429	0.00471429	1056	0	1056	1056	
0.5	0.55	1	4	2	4	2	2112	2	2112	0.00471429	0	0.00471429	0.00471429	1056	0	1056	1056	
0.5	0.55	1	6	4	4	2	2112	2	2112	0.00471429	0	0.00471429	0.00471429	1056	0	1056	1056	
0.5	0.55	1	7	16	4	2	2112	2	2112	0.00471429	0	0.00471429	0.00471429	1056	0	1056	1056	
0.5	0.55	1	9	13	4	2	2112	2	2112	0.00471429	0	0.00471429	0.00471429	1056	0	1056	1056	
0.5	0.55	1	10	14	4	2	2112	2	2112	0.00471429	0	0.00471429	0.00471429	1056	0	1056	1056	
0.55	0.6	1	1	12	4	1	1056	1	1056	0.00471429	0	0.00471429	0.00471429	1056	0	1056	1056	
0.55	0.6	1	2	3	4	1	1056	1	1056	0.00471429	0	0.00471429	0.00471429	1056	0	1056	1056	
0.55	0.6	1	3	11	4	2	2112	2	2112	0.00471429	0	0.00471429	0.00471429	1056	0	1056	1056	
0.55	0.6	1	4	2	4	2	2112	2	2112	0.00471429	0	0.00471429	0.00471429	1056	0	1056	1056	
0.55	0.6	1	6	4	4	2	2112	2	2112	0.00471429	0	0.00471429	0.00471429	1056	0	1056	1056	
0.55	0.6	1	7	16	4	2	2112	2	2112	0.00471429	0	0.00471429	0.00471429	1056	0	1056	1056	
0.55	0.6	1	9	13	4	2	2112	2	2112	0.00471429	0	0.00471429	0.00471429	1056	0	1056	1056	
0.55	0.6	1	10	14	4	2	2112	2	2112	0.00471429	0	0.00471429	0.00471429	1056	0	1056	1056	
0.6	0.65	1	1	12	4	3	2114	3	2114	0.00471429	0	0.00471429	0.00471429	704.667	375.468	309	1056	
0.6	0.65	1	2	3	4	2	2112	2	2112	0.00471429	0	0.00471429	0.00471429	1056	0	1056	1056	
0.6	0.65	1	3	11	4	2	2112	2	2112	0.00471429	0	0.00471429	0.00471429	1056	0	1056	1056	
0.6	0.65	1	4	2	4	2	2112	2	2112	0.00471429	0	0.00471429	0.00471429	1056	0	1056	1056	
0.6	0.65	1	6	4	4	3	2114	3	2114	0.00471429	0	0.00471429	0.00471429	704.667	375.468	309	1056	
0.6	0.65	1	7	16	4	2	2112	2	2112	0.00471429	0	0.00471429	0.00471429	1056	0	1056	1056	
0.6	0.65	1	8	1	4	2	1058	2	1058	0.00471429	0	0.00471429	0.00471429	529	311.127	309	749	
0.6	0.65	1	9	13	4	2	2112	2	2112	0.00471429	0	0.00471429	0.00471429	1056	0	1056	1056	
0.6	0.65	1	10	14	4	2	2112	2	2112	0.00471429	0	0.00471429	0.00471429	1056	0	1056	1056	
0.65	0.7	1	1	12	4	4	2116	4	2116	0.00471429	0	0.00471429	0.00471429	529	254.034	309	749	
0.65	0.7	1	2	3	4	2	2112	2	2112	0.00471429	0	0.00471429	0.00471429	1056	0	1056	1056	
0.65	0.7	1	3	11	4	2	2112	2	2112	0.00471429	0	0.00471429	0.00471429	1056	0	1056	1056	
0.65	0.7	1	4	2	4	2	2112	2	2112	0.00471429	0	0.00471429	0.00471429	1056	0	1056	1056	
0.65	0.7	1	6	4	4	4	2116	4	2116	0.00471429	0	0.00471429	0.00471429	529	254.034	309	749	
0.65	0.7	1	7	16	4	2	2112	2	2112	0.00471429	0	0.00471429	0.00471429	1056	0	1056	1056	
0.65	0.7	1	8	1	4	4	2116	4	2116	0.00471429	0	0.00471429	0.00471429	529	254.034	309	749	
0.65	0.7	1	9	13	4	2	2112	2	2112	0.00471429	0	0.00471429	0.00471429	1056	0	1056	1056	
0.65	0.7	1	10	14	4	2	2112	2	2112	0.00471429	0	0.00471429	0.00471429	1056	0	1056	1056	
0.7	0.75	1	1	12	4	4	2116	4	2116	0.00471429	0	0.00471429	0.00471429	529	254.034	309	749	
0.7	0.75	1	2	3	4	2	2112	2	2112	0.00471429	0	0.00471429	0.00471429	1056	0	1056	1056	
0.7	0.75	1	3	11	4	2	2112	2	2112	0.00471429	0	0.00471429	0.00471429	1056	0	1056	1056	
0.7	0.75	1	4	2	4	2	2112	2	2112	0.00471429	0	0.00471429	0.00471429	1056	0	1056	1056	
0.7	0.75	1	6	4	4	4	2116	4	2116	0.00471429	0	0.00471429	0.00471429	529	254.034	309	749	
0.7	0.75	1	7	16	4	2	2112	2	2112	0.00471429	0	0.00471429	0.00471429	1056	0	1056	1056	
0.7	0.75	1	8	1	4	4	2116	4	2116	0.00471429	0	0.00471429	0.00471429	529	254.034	309	749	
0.7	0.75	1	9	13	4	2	2112	2	2112	0.00471429	0	0.00471429	0.00471429	1056	0	1056	1056	
0.7	0.75	1	10	14	4	2	2112	2	2112	0.00471429	0	0.00471429	0.00471429	1056	0	1056	1056	
0.75	0.8	1	1	12	4	4	2116	4	2116	0.00471429	0	0.00471429	0.00471429	529	254.034	309	749	
0.75	0.8	1	2	3	4	2	2112	2	2112	0.00471429	0	0.00471429	0.00471429	1056	0	1056	1056	
0.75	0.8	1	3	11	4	2	2112	2	2112	0.00471429	0	0.00471429	0.00471429	1056	0	1056	1056	
0.75	0.8	1	4	2	4	2	2112	2	2112	0.00471429	0	0.00471429	0.00471429	1056	0	1056	1056	
0.75	0.8	1	6	4	4	4	2116	4	2116	0.00471429	0	0.00471429	0.00471429	529	254.034	309	749	
0.75	0.8	1	7	16	4	2	2112	2	2112	0.00471429	0	0.00471429	0.00471429	1056	0	1056	1056	
0.75	0.8	1	8	1	4	4	2116	4	2116	0.00471429	0	0.00471429	0.00471429	529	254.034	309	749	
0.75	0.8	1	9	13	4	2	2112	2	2112	0.00471429	0	0.00471429	0.00471429	1056	0	1056	1056	
0.75	0.8	1	10	14	4	2	2112	2	2112	0.00471429	0	0.00471429	0.00471429	1056	0	1056	1056	
0.8	0.85	1	1	12	4	4	2116	4	2116	0.00471429	0	0.00471429	0.00471429	529	254.034	309	749	
0.8	0.85	1	2	3	4	2	2112	2	2112	0.00471429	0	0.00471429	0.00471429	1056	0	1056	1056	
0.8	0.85	1	3	11	4	2	2112	2	2112	0.00471429	0	0.00471429	0.00471429	1056	0	1056	1056	
0.8	0.85	1	4	2	4	2	2112	2	2112	0.00471429	0	0.00471429	0.00471429	1056	0	1056	1056	
0.8	0.85	1	6	4	4	4	2116	4	2116	0.00471429	0	0.00471429	0.00471429	529	254.034	309	749	
0.8	0.85	1	7	16	4	2	2112	2	2112	0.00471429	0	0.00471429	0.00471429	1056	0	1056	1056	
0.8	0.85	1	8	1	4	4	2116	4	2116	0.00471429	0	0.00471429	0.00471429	529	254.034	309	749	
0.8	0.85	1	9	13	4	2	2112	2	2112	0.00471429	0	0.00471429	0.00471429	1056	0	1056	1056	
0.8	0.85	1	10	14	4	2	2112	2	2112	0.00471429	0	0.00471429	0.00471429	1056	0	1056	1056	
0.85	0.9	1	1	12	4	4	2116	4	2116	0.00471429	0	0.00471429	0.00471429	529	254.034	309	749	
0.85	0.9	1	2	3	4	2	2112	2	2112	0.00471429	0	0.00471429	0.00471429	1056	0	1056	1056	
0.85	0.9	1	3	11	4	2	2112	2	2112	0.00471429	0	0.00471429	0.00471429	1056	0	1056	1056	
0.85	0.9	1	4	2	4	2	2112	2	2112	0.00471429	0	0.00471429	0.00471429	1056	0	1056	1056	
0.85	0.9	1	6	4	4	4	2116	4	2116	0.00471429	0	0.00471429	0.00471429	529	254.034	309	749	
0.85	0.9	1	7	16	4	2	2112	2	2112	0.00471429	0	0.00471429	0.00471429	1056	0	1056	1056	
0.85	0.9	1	8	1	4	4	2116	4	2116	0.00471429	0	0.00471429	0.00471429	529	254.034	309	749	
0.85	0.9	1	9	13	4	2	2112	2	2112	0.00471429	0	0.00471429	0.00471429	1056	0	1056	1056	
0.85	0.9	1	10	14	4	2	2112	2	2112	0.00471429	0	0.00471429	0.00471429	1056	0	1056	1056	
0.9	0.95	1	1	12	4	4	2116	4	2116	0.00471429	0	0.00471429	0.00471429	529	254.034	309	749	
0.9	0.95	1	2	3	4	2	2112	2	2112	0.00471429	0	0.00471429	0.00471429	1056	0	1056	1056	
0.9	0.95	1	3	11	4	2	2112	2	2112	0.00471429	0	0.00471429	0.00471429	1056	0	1056	1056	
0.9	0.95	1	4	2	4	2	2112	2	2112	0.00471429	0	0.00471429	0.00471429	1056	0	1056	1056	
0.9	0.95	1	5	15	4	1	1056	1	1056	0.00471429	0	0.00471429	0.00471429	1056	0	1056	1056	
0.9	0.95	1	6	4	4	4	2116	4	2116	0.00471429	0	0.00471429	0.00471429	529	254.034	309	749	
0.9	0.95	1	7	16	4	2	2112	2	2112	0.00471429	0	0.00471429	0.00471429	1056	0	1056	1056	
0.9	0.95	1	8	1	4	4	2116	4	2116	0.00471429	0	0.00471429	0.00471429	529	254.034	309	749	
0.9	0.95	1	9	13	4	2	2112	2	2112	0.00471429	0	0.00471429	0.00471429	1056	0	1056	1056	
0.9	0.95	1	10	14	4	2	2112	2	2112	0.00471429	0	0.00471429	0.00471429	1056	0	1056	1056	
0.95	1	1	1	12	4	4	2116	4	2116	0.00471429	0	0.00471429	0.00471429	529	254.034	309	749	
0.95	1	1	2	3	4	2	2112	2	2112	0.00471429	0	0.00471429	0.00471429	1056	0	1056	1056	
0.95	1	1	3	11	4	2	2112	2	2112	0.00471429	0	0.00471429	0.00471429	1056	0	1056	1056	
0.95	1	1	4	2	4	2	2112	2	2112	0.00471429	0	0.00471429	0.00471429	1056	0	1056	1056	
0.95	1	1	5	15	4	2	2112	2	2112	0.00471429	0	0.00471429	0.00471429	1056	0	1056	1056	
0.95	1	1	6	4	4	4	2116	4	2116	0.00471429	0	0.00471429	0.00471429	529	254.034	309	749	
0.95	1	1	7	16	4	2	2112	2	2112	0.00471429	0	0.00471429	0.00471429	1056	0	1056	1056	
0.95	1	1	8	1	4	4	2116	4	2116	0.00471429	0	0.00471429	0.00471429	529	254.034	309	749	
0.95	1	1	9	13	4	2	2112	2	2112	0.00471429	0	0.00471429	0.00471429	1056	0	1056	1056	
0.95	1	1	10	14	4	2	2112	2	2112	0.00471429	0	0.00471429	0.00471429	1056	0	1056	1056	
1	1.05	1	1	12	4	4	2116	4	2116	0.00471429	0	0.00471429	0.00471429	529	254.034	309	749	
1	1.05	1	2	3	4	2	2112	2	2112	0.00471429	0	0.00471429	0.00471429	1056	0	1056	1056	
1	1.05	1	3	11	4	2	2112	2	2112	0.00471429	0	0.00471429	0.00471429	1056	0	1056	1056	
1	1.05	1	4	2	4	2	2112	2	2112	0.00471429	0	0.00471429	0.00471429	1056	0	1056	1056	
1	1.05	1	5	15	4	2	2112	2	2112	0.00471429	0	0.00471429	0.00471429	1056	0	1056	1056	
1	1.05	1	6	4	4	4	2116	4	2116	0.00471429	0	0.00471429	0.00471429	529	254.034	309	749	
1	1.05	1	7	16	4	2	2112	2	2112	0.00471429	0	0.00471429	0.00471429	1056	0	1056	1056	
1	1.05	1	8	1	4	4	2116	4	2116	0.00471429	0	0.00471429	0.00471429	529	254.034	309	749	
1	1.05	1	9	13	4	2	2112	2	2112	0.00471429	0	0.00471429	0.00471429	1056	0	1056	1056	
1	1.05	1	10	14	4	2	2112	2	2112	0.00471429	0	0.00471429	0.00471429	1056	0	1056	1056	
1.05	1.1	1	1	12	4	4	2116	4	2116	0.00471429	0	0.00471429	0.00471429	529	254.034	309	749	
1.05	1.1	1	2	3	4	2	2112	2	2112	0.00471429	0	0.00471429	0.00471429	1056	0	1056	1056	
1.05	1.1	1	3	11	4	2	2112	2	2112	0.00471429	0	0.00471429	0.00471429	1056	0	1056	1056	
1.05	1.1	1	4	2	4	2	2112	2	2112	0.00471429	0	0.00471429	0.00471429	1056	0	1056	1056	
1.05	1.1	1	5	15	4	2	2112	2	2112	0.00471429	0	0.00471429	0.00471429	1056	0	1056	1056	
1.05	1.1	1	6	4	4	4	2116	4	2116	0.00471429	0	0.00471429	0.00471429	529	254.034	309	749	
1.05	1.1	1	7	16	4	2	2112	2	2112	0.00471429	0	0.00471429	0.00471429	1056	0	1056	1056	
1.05	1.1	1	8	1	4	4	2116	4	2116	0.00471429	0	0.00471429	0.00471429	529	254.034	309	749	
1.05	1.1	1	9	13	4	2	2112	2	2112	0.00471429	0	0.00471429	0.00471429	1056	0	1056	1056	
1.05	1.1	1	10	14	4	2	2112	2	2112	0.00471429	0	0.00471429	0.00471429	1056	0	1056	1056	
1.1	1.15	1	1	12	4	4	2116	4	2116	0.00471429	0	0.00471429	0.00471429	529	254.034	309	749	
1.1	1.15	1	2	3	4	2	2112	2	2112	0.00471429	0	0.00471429	0.00471429	1056	0	1056	1056	
1.1	1.15	1	3	11	4	2	2112	2	2112	0.00471429	0	0.00471429	0.00471429	1056	0	1056	1056	
1.1	1.15	1	4	2	4	2	2112	2	2112	0.00471429	0	0.00471429	0.00471429	1056	0	1056	1056	
1.1	1.15	1	5	15	4	2	2112	2	2112	0.00471429	0	0.00471429	0.00471429	1056	0	1056	1056	
1.1	1.15	1	6	4	4	4	2116	4	2116	0.00471429	0	0.00471429	0.00471429	529	254.034	309	749	
1.1	1.15	1	7	16	4	2	2112	2	2112	0.00471429	0	0.00471429	0.00471429	1056	0	1056	1056	
1.1	1.15	1	8	1	4	4	2116	4	2116	0.00471429	0	0.00471429	0.00471429	529	254.034	309	749	
1.1	1.15	1	9	13	4	2	2112	2	2112	0.00471429	0	0.00471429	0.00471429	1056	0	1056	1056	
1.1	1.15	1	10	14	4	2	2112	2	2112	0.00471429	0	0.00471429	0.00471429	1056	0	1056	1056	
1.15	1.2	1	1	12	4	4	2116	4	2116	0.00471429	0	0.00471429	0.00471429	529	254.034	309	749	
1.15	1.2	1	2	3	4	2	2112	2	2112	0.00471429	0	0.00471429	0.00471429	1056	0	1056	1056	
1.15	1.2	1	3	11	4	2	2112	2	2112	0.00471429	0	0.00471429	0.00471429	1056	0	1056	1056	
1.15	1.2	1	4	2	4	2	2112	2	2112	0.00471429	0	0.00471429	0.00471429	1056	0	1056	1056	
1.15	1.2	1	5	15	4	2	2112	2	2112	0.00471429	0	0.00471429	0.00471429	1056	0	1056	1056	
1.15	1.2	1	6	4	4	4	2116	4	2116	0.00471429	0	0.00471429	0.00471429	529	254.034	309	749	
1.15	1.2	1	7	16	4	2	2112	2	2112	0.00471429	0	0.00471429	0.00471429	1056	0	1056	1056	
1.15	1.2	1	8	1	4	4	2116	4	2116	0.00471429	0	0.00471429	0.00471429	529	254.034	309	749	
1.15	1.2	1	9	13	4	2	2112	2	2112	0.00471429	0	0.00471429	0.00471429	1056	0	1056	1056	
1.15	1.2	1	10	14	4	2	2112	2	2112	0.00471429	0	0.00471429	0.00471429	1056	0	1056	1056	
1.2	1.25	1	1	12	4	4	2116	4	2116	0.00471429	0	0.00471429	0.00471429	529	254.034	309	749	
1.2	1.25	1	2	3	4	2	2112	2	2112	0.00471429	0	0.00471429	0.00471429	1056	0	1056	1056	
1.2	1.25	1	3	11	4	2	2112	2	2112	0.00471429	0	0.00471429	0.00471429	1056	0	1056	1056	
1.2	1.25	1	4	2	4	2	2112	2	2112	0.00471429	0	0.00471429	0.00471429	1056	0	1056	1056	
1.2	1.25	1	5	15	4	2	2112	2	2112	0.00471429	0	0.00471429	0.00471429	1056	0	1056	1056	
1.2	1.25	1	6	4	4	4	2116	4	2116	0.00471429	0	0.00471429	0.00471429	529	254.034	309	749	
1.2	1.25	1	7	16	4	2	2112	2	2112	0.00471429	0	0.00471429	0.00471429	1056	0	1056	1056	
1.2	1.25	1	8	1	4	4	2116	4	2116	0.00471429	0	0.00471429	0.00471429	529	254.034	309	749	
1.2	1.25	1	9	13	4	2	2112	2	2112	0.00471429	0	0.00471429	0.00471429	1056	0	1056	1056	
1.2	1.25	1	10	14	4	2	2112	2	2112	0.00471429	0	0.00471429	0.00471429	1056	0	1056	1056	
1.25	1.3	1	1	12	4	4	2116	4	2116	0.00471429	0	0.00471429	0.00471429	529	254.034	309	749	
1.25	1.3	1	2	3	4	2	2112	2	2112	0.00471429	0	0.00471429	0.00471429	1056	0	1056	1056	
1.25	1.3	1	3	11	4	2	2112	2	2112	0.00471429	0	0.00471429	0.00471429	1056	0	1056	1056	
1.25	1.3	1	4	2	4	2	2112	2	2112	0.00471429	0	0.00471429	0.00471429	1056	0	1056	1056	
1.25	1.3	1	5	15	4	2	2112	2	2112	0.00471429	0	0.00471429	0.00471429	1056	0	1056	1056	
1.25	1.3	1	6	4	4	4	2116	4	2116	0.00471429	0	0.00471429	0.00471429	529	254.034	309	749	
1.25	1.3	1	7	16	4	2	2112	2	2112	0.00471429	0	0.00471429	0.00471429	1056	0	1056	1056	
1.25	1.3	1	8	1	4	4	2116	4	2116	0.00471429	0	0.00471429	0.00471429	529	254.034	309	749	
1.25	1.3	1	9	13	4	2	2112	2	2112	0.00471429	0	0.00471429	0.00471429	1056	0	1056	1056	
1.25	1.3	1	10	14	4	2	2112	2	2112	0.00471429	0	0.00471429	0.00471429	1056	0	1056	1056	
1.3	1.35	1	1	12	4	4	2116	4	2116	0.00471429	0	0.00471429	0.00471429	529	254.034	309	749	
1.3	1.35	1	2	3	4	2	2112	2	2112	0.00471429	0	0.00471429	0.00471429	1056	0	1056	1056	
1.3	1.35	1	3	11	4	2	2112	2	2112	0.00471429	0	0.00471429	0.00471429	1056	0	1056	1056	
1.3	1.35	1	4	2	4	2	2112	2	2112	0.00471429	0	0.00471429	0.00471429	1056	0	1056	1056	
1.3	1.35	1	5	15	4	2	2112	2	2112	0.00471429	0	0.00471429	0.00471429	1056	0	1056	1056	
1.3	1.35	1	6	4	4	4	2116	4	2116	0.00471429	0	0.00471429	0.00471429	529	254.034	309	749	
1.3	1.35	1	7	16	4	2	2112	2	2112	0.00471429	0	0.00471429	0.00471429	1056	0	1056	1056	
1.3	1.35	1	8	1	4	4	2116	4	2116	0.00471429	0	0.00471429	0.00471429	529	254.034	309	749	
1.3	1.35	1	9	13	4	2	2112	2	2112	0.00471429	0	0.00471429	0.00471429	1056	0	1056	1056	
1.3	1.35	1	10	14	4	2	2112	2	2112	0.00471429	0	0.00471429	0.00471429	1056	0	1056	1056	
1.35	1.4	1	1	12	4	4	2116	4	2116	0.00471429	0	0.00471429	0.00471429	529	254.034	309	749	
1.35	1.4	1	2	3	4	2	2112	2	2112	0.00471429	0	0.00471429	0.00471429	1056	0	1056	1056	
1.35	1.4	1	3	11	4	2	2112	2	2112	0.00471429	0	0.00471429	0.00471429	1056	0	1056	1056	
1.35	1.4	1	4	2	4	2	2112	2	2112	0.00471429	0	0.00471429	0.00471429	1056	0	1056	1056	
1.35	1.4	1	5	15	4	2	2112	2	2112	0.00471429	0	0.00471429	0.00471429	1056	0	1056	1056	
1.35	1.4	1	6	4	4	4	2116	4	2116	0.00471429	0	0.00471429	0.00471429	529	254.034	309	749	
1.35	1.4	1	7	16	4	2	2112	2	2112	0.00471429	0	0.00471429	0.00471429	1056	0	1056	1056	
1.35	1.4	1	8	1	4	4	2116	4	2116	0.00471429	0	0.00471429	0.00471429	529	254.034	309	749	
1.35	1.4	1	9	13	4	2	2112	2	2112	0.00471429	0	0.00471429	0.00471429	1056	0	1056	1056	
1.35	1.4	1	10	14	4	2	2112	2	2112	0.00471429	0	0.00471429	0.00471429	1056	0	1056	1056	
1.4	1.45	1	1	12	4	4	2116	4	2116	0.00471429	0	0.00471429	0.00471429	529	254.034	309	749	
1.4	1.45	1	2	3	4	2	2112	2	2112	0.00471429	0	0.00471429	0.00471429	1056	0	1056	1056	
1.4	1.45	1	3	11	4	2	2112	2	2112	0.00471429	0	0.00471429	0.00471429	1056	0	1056	1056	
1.4	1.45	1	4	2	4	2	2112	2	2112	0.00471429	0	0.00471429	0.00471429	1056	0	1056	1056	
1.4	1.45	1	5	15	4	2	2112	2	2112	0.00471429	0	0.00471429	0.00471429	1056	0	1056	1056	
1.4	1.45	1	6	4	4	4	2116	4	2116	0.00471429	0	0.00471429	0.00471429	529	254.034	309	749	
1.4	1.45	1	7	16	4	2	2112	2	2112	0.00471429	0	0.00471429	0.00471429	1056	0	1056	1056	
1.4	1.45	1	8	1	4	4	2116	4	2116	0.00471429	0	0.00471429	0.00471429	529	254.034	309	749	
1.4	1.45	1	9	13	4	2	2112	2	2112	0.00471429	0	0.00471429	0.00471429	1056	0	1056	1056	
1.4	1.45	1	10	14	4	2	2112	2	2112	0.00471429	0	0.00471429	0.00471429	1056	0	1056	1056	
1.45	1.5	1	1	12	4	4	2116	4	2116	0.00471429	0	0.00471429	0.00471429	529	254.034	309	749	
1.45	1.5	1	2	3	4	2	2112	2	2112	0.00471429	0	0.00471429	0.00471429	1056	0	1056	1056	
1.45	1.5	1	3	11	4	2	2112	2	2112	0.00471429	0	0.00471429	0.00471429	1056	0	1056	1056	
1.45	1.5	1	4	2	4	2	2112	2	2112	0.00471429	0	0.00471429	0.00471429	1056	0	1056	1056	
1.45	1.5	1	5	15	4	2	2112	2	2112	0.00471429	0	0.00471429	0.00471429	1056	0	1056	1056	
1.45	1.5	1	6	4	4	4	2116	4	2116	0.00471429	0	0.00471429	0.00471429	529	254.034	309	749	
1.45	1.5	1	7	16	4	2	2112	2	2112	0.00471429	0	0.00471429	0.00471429	1056	0	1056	1056	
1.45	1.5	1	8	1	4	4	2116	4	2116	0.00471429	0	0.00471429	0.00471429	529	254.034	309	749	
1.45	1.5	1	9	13	4	2	2112	2	2112	0.00471429	0	0.00471429	0.00471429	1056	0	1056	1056	
1.45	1.5	1	10	14	4	2	2112	2	2112	0.00471429	0	0.00471429	0.00471429	1056	0	1056	1056	
1.5	1.55	1	1	12	4	4	2116	4	2116	0.00471429	0	0.00471429	0.00471429	529	254.034	309	749	
1.5	1.55	1	2	3	4	2	2112	2	2112	0.00471429	0	0.00471429	0.00471429	1056	0	1056	1056	
1.5	1.55	1	3	11	4	2	2112	2	2112	0.00471429	0	0.00471429	0.00471429	1056	0	1056	1056	
1.5	1.55	1	4	2	4	2	2112	2	2112	0.00471429	0	0.00471429	0.00471429	1056	0	1056	1056	
1.5	1.55	1	5	15	4	2	2112	2	2112	0.00471429	0	0.00471429	0.00471429	1056	0	1056	1056	
1.5	1.55	1	6	4	4	4	2116	4	2116	0.00471429	0	0.00471429	0.00471429	529	254.034	309	749	
1.5	1.55	1	7	16	4	2	2112	2	2112	0.00471429	0	0.00471429	0.00471429	1056	0	1056	1056	
1.5	1.55	1	8	1	4	4	2116	4	2116	0.00471429	0	0.00471429	0.00471429	529	254.034	309	749	
1.5	1.55	1	9	13	4	2	2112	2	2112	0.00471429	0	0.00471429	0.00471429	1056	0	1056	1056	
1.5	1.55	1	10	14	4	2	2112	2	2112	0.00471429	0	0.00471429	0.00471429	1056	0	1056	1056	
1.55	1.6	1	1	12	4	4	2116	4	2116	0.00471429	0	0.00471429	0.00471429	529	254.034	309	749	
1.55	1.6	1	2	3	4	2	2112	2	2112	0.00471429	0	0.00471429	0.00471429	1056	0	1056	1056	
1.55	1.6	1	3	11	4	2	2112	2	2112	0.00471429	0	0.00471429	0.00471429	1056	0	1056	1056	
1.55	1.6	1	4	2	4	2	2112	2	2112	0.00471429	0	0.00471429	0.00471429	1056	0	1056	1056	
1.55	1.6	1	5	15	4	2	2112	2	2112	0.00471429	0	0.00471429	0.00471429	1056	0	1056	1056	
1.55	1.6	1	6	4	4	4	2116	4	2116	0.00471429	0	0.00471429	0.00471429	529	254.034	309	749	
1.55	1.6	1	7	16	4	2	2112	2	2112	0.00471429	0	0.00471429	0.00471429	1056	0	1056	1056	
1.55	1.6	1	8	1	4	4	2116	4	2116	0.00471429	0	0.00471429	0.00471429	529	254.034	309	749	
1.55	1.6	1	9	13	4	2	2112	2	2112	0.00471429	0	0.00471429	0.00471429	1056	0	1056	1056	
1.55	1.6	1	10	14	4	2	2112	2	2112	0.00471429	0	0.00471429	0.00471429	1056	0	1056	1056	
1.6	1.65	1	1	12	4	4	2116	4	2116	0.00471429	0	0.00471429	0.00471429	529	254.034	309	749	
1.6	1.65	1	2	3	4	2	2112	2	2112	0.00471429	0	0.00471429	0.00471429	1056	0	1056	1056	
1.6	1.65	1	3	11	4	2	2112	2	2112	0.00471429	0	0.00471429	0.00471429	1056	0	1056	1056	
1.6	1.65	1	4	2	4	2	2112	2	2112	0.00471429	0	0.00471429	0.00471429	1056	0	1056	1056	
1.6	1.65	1	5	15	4	2	2112	2	2112	0.00471429	0	0.00471429	0.00471429	1056	0	1056	1056	
1.6	1.65	1	6	4	4	4	2116	4	2116	0.00471429	0	0.00471429	0.00471429	529	254.034	309	749	
1.6	1.65	1	7	16	4	2	2112	2	2112	0.00471429	0	0.00471429	0.00471429	1056	0	1056	1056	
1.6	1.65	1	8	1	4	4	2116	4	2116	0.00471429	0	0.00471429	0.00471429	529	254.034	309	749	
1.6	1.65	1	9	13	4	2	2112	2	2112	0.00471429	0	0.00471429	0.00471429	1056	0	1056	1056	
1.6	1.65	1	10	14	4	2	2112	2	2112	0.00471429	0	0.00471429	0.00471429	1056	0	1056	1056	
1.65	1.7	1	1	12	4	4	2116	4	2116	0.00471429	0	0.00471429	0.00471429	529	254.034	309	749	
1.65	1.7	1	2	3	4	2	2112	2	2112	0.00471429	0	0.00471429	0.00471429	1056	0	1056	1056	
1.65	1.7	1	3	11	4	2	2112	2	2112	0.00471429	0	0.00471429	0.00471429	1056	0	1056	1056	
1.65	1.7	1	4	2	4	2	2112	2	2112	0.00471429	0	0.00471429	0.00471429	1056	0	1056	1056	
1.65	1.7	1	5	15	4	2	2112	2	2112	0.00471429	0	0.00471429	0.00471429	1056	0	1056	1056	
1.65	1.7	1	6	4	4	4	2116	4	2116	0.00471429	0	0.00471429	0.00471429	529	254.034	309	749	
1.65	1.7	1	7	16	4	2	2112	2	2112	0.00471429	0	0.00471429	0.00471429	1056	0	1056	1056	
1.65	1.7	1	8	1	4	4	2116	4	2116	0.00471429	0	0.00471429	0.00471429	529	254.034	309	749	
1.65	1.7	1	9	13	4	2	2112	2	2112	0.00471429	0	0.00471429	0.00471429	1056	0	1056	1056	
1.65	1.7	1	10	14	4	2	2112	2	2112	0.00471429	0	0.00471429	0.00471429	1056	0	1056	1056	
1.7	1.75	1	1	12	4	4	2116	4	2116	0.00471429	0	0.00471429	0.00471429	529	254.034	309	749	
1.7	1.75	1	2	3	4	2	2112	2	2112	0.00471429	0	0.00471429	0.00471429	1056	0	1056	1056	
1.7	1.75	1	3	11	4	2	2112	2	2112	0.00471429	0	0.00471429	0.00471429	1056	0	1056	1056	
1.7	1.75	1	4	2	4	2	2112	2	2112	0.00471429	0	0.00471429	0.00471429	1056	0	1056	1056	
1.7	1.75	1	5	15	4	2	2112	2	2112	0.00471429	0	0.00471429	0.00471429	1056	0	1056	1056	
1.7	1.75	1	6	4	4	4	2116	4	2116	0.00471429	0	0.00471429	0.00471429	529	254.034	309	749	
1.7	1.75	1	7	16	4	2	2112	2	2112	0.00471429	0	0.00471429	0.00471429	1056	0	1056	1056	
1.7	1.75	1	8	1	4	4	2116	4	2116	0.00471429	0	0.00471429	0.00471429	529	254.034	309	749	
1.7	1.75	1	9	13	4	2	2112	2	2112	0.00471429	0	0.00471429	0.00471429	1056	0	1056	1056	
1.7	1.75	1	10	14	4	2	2112	2	2112	0.00471429	0	0.00471429	0.00471429	1056	0	1056	1056	
1.75	1.8	1	1	12	4	4	2116	4	2116	0.00471429	0	0.00471429	0.00471429	529	254.034	309	749	
1.75	1.8	1	2	3	4	2	2112	2	2112	0.00471429	0	0.00471429	0.00471429	1056	0	1056	1056	
1.75	1.8	1	3	11	4	2	2112	2	2112	0.00471429	0	0.00471429	0.00471429	1056	0	1056	1056	
1.75	1.8	1	4	2	4	2	2112	2	2112	0.00471429	0	0.00471429	0.00471429	1056	0	1056	1056	
1.75	1.8	1	5	15	4	2	2112	2	2112	0.00471429	0	0.00471429	0.00471429	1056	0	1056	1056	
1.75	1.8	1	6	4	4	4	2116	4	2116	0.00471429	0	0.00471429	0.00471429	529	254.034	309	749	
1.75	1.8	1	7	16	4	2	2112	2	2112	0.00471429	0	0.00471429	0.00471429	1056	0	1056	1056	
1.75	1.8	1	8	1	4	4	2116	4	2116	0.00471429	0	0.00471429	0.00471429	529	254.034	309	749	
1.75	1.8	1	9	13	4	2	2112	2	2112	0.00471429	0	0.00471429	0.00471429	1056	0	1056	1056	
1.75	1.8	1	10	14	4	2	2112	2	2112	0.00471429	0	0.00471429	0.00471429	1056	0	1056	1056	
1.8	1.85	1	1	12	4	4	2116	4	2116	0.00471429	0	0.00471429	0.00471429	529	254.034	309	749	
1.8	1.85	1	2	3	4	2	2112	2	2112	0.00471429	0	0.00471429	0.00471429	1056	0	1056	1056	
1.8	1.85	1	3	11	4	2	2112	2	2112	0.00471429	0	0.00471429	0.00471429	1056	0	1056	1056	
1.8	1.85	1	4	2	4	2	2112	2	2112	0.00471429	0	0.00471429	0.00471429	1056	0	1056	1056	
1.8	1.85	1	5	15	4	2	2112	2	2112	0.00471429	0	0.00471429	0.00471429	1056	0	1056	1056	
1.8	1.85	1	6	4	4	4	2116	4	2116	0.00471429	0	0.00471429	0.00471429	529	254.034	309	749	
1.8	1.85	1	7	16	4	2	2112	2	2112	0.00471429	0	0.00471429	0.00471429	1056	0	1056	1056	
1.8	1.85	1	8	1	4	4	2116	4	2116	0.00471429	0	0.00471429	0.00471429	529	254.034	309	749	
1.8	1.85	1	9	13	4	2	2112	2	2112	0.00471429	0	0.00471429	0.00471429	1056	0	1056	1056	
1.8	1.85	1	10	14	4	2	2112	2	2112	0.00471429	0	0.00471429	0.00471429	1056	0	1056	1056	
1.85	1.9	1	1	12	4	4	2116	4	2116	0.00471429	0	0.00471429	0.00471429	529	254.034	309	749	
1.85	1.9	1	2	3	4	2	2112	2	2112	0.00471429	0	0.00471429	0.00471429	1056	0	1056	1056	
1.85	1.9	1	3	11	4	2	2112	2	2112	0.00471429	0	0.00471429	0.00471429	1056	0	1056	1056	
1.85	1.9	1	4	2	4	2	2112	2	2112	0.00471429	0	0.00471429	0.00471429	1056	0	1056	1056	
1.85	1.9	1	5	15	4	2	2112	2	2112	0.00471429	0	0.00471429	0.00471429	1056	0	1056	1056	
1.85	1.9	1	6	4	4	4	2116	4	2116	0.00471429	0	0.00471429	0.00471429	529	254.034	309	749	
1.85	1.9	1	7	16	4	2	2112	2	2112	0.00471429	0	0.00471429	0.00471429	1056	0	1056	1056	
1.85	1.9	1	8	1	4	4	2116	4	2116	0.00471429	0	0.00471429	0.00471429	529	254.034	309	749	
1.85	1.9	1	9	13	4	2	2112	2	2112	0.00471429	0	0.00471429	0.00471429	1056	0	1056	1056	
1.85	1.9	1	10	14	4	2	2112	2	2112	0.00471429	0	0.00471429	0.00471429	1056	0	1056	1056	
1.9	1.95	1	1	12	4	4	2116	4	2116	0.00471429	0	0.00471429	0.00471429	529	254.034	309	749	
1.9	1.95	1	2	3	4	2	2112	2	2112	0.00471429	0	0.00471429	0.00471429	1056	0	1056	1056	
1.9	1.95	1	3	11	4	2	2112	2	2112	0.00471429	0	0.00471429	0.00471429	1056	0	1056	1056	
1.9	1.95	1	4	2	4	2	2112	2	2112	0.00471429	0	0.00471429	0.00471429	1056	0	1056	1056	
1.9	1.95	1	5	15	4	2	2112	2	2112	0.00471429	0	0.00471429	0.00471429	1056	0	1056	1056	
1.9	1.95	1	6	4	4	4	2116	4	2116	0.00471429	0	0.00471429	0.00471429	529	254.034	309	749	
1.9	1.95	1	7	16	4	2	2112	2	2112	0.00471429	0	0.00471429	0.00471429	1056	0	1056	1056	
1.9	1.95	1	8	1	4	4	2116	4	2116	0.00471429	0	0.00471429	0.00471429	529	254.034	309	749	
1.9	1.95	1	9	13	4	2	2112	2	2112	0.00471429	0	0.00471429	0.00471429	1056	0	1056	1056	
1.9	1.95	1	10	14	4	2	2112	2	2112	0.00471429	0	0.00471429	0.00471429	1056	0	1056	1056	
1.95	2	1	1	12	4	4	2116	4	2116	0.00471429	0	0.00471429	0.00471429	529	254.034	309	749	
1.95	2	1	2	3	4	2	2112	2	2112	0.00471429	0	0.00471429	0.00471429	1056	0	1056	1056	
1.95	2	1	3	11	4	2	2112	2	2112	0.00471429	0	0.00471429	0.00471429	1056	0	1056	1056	
1.95	2	1	4	2	4	2	2112	2	2112	0.00471429	0	0.00471429	0.00471429	1056	0	1056	1056	
1.95	2	1	5	15	4	2	2112	2	2112	0.00471429	0	0.00471429	0.00471429	1056	0	1056	1056	
1.95	2	1	6	4	4	4	2116	4	2116	0.00471429	0	0.00471429	0.00471429	529	254.034	309	749	
1.95	2	1	7	16	4	2	2112	2	2112	0.00471429	0	0.00471429	0.00471429	1056	0	1056	1056	
1.95	2	1	8	1	4	4	2116	4	2116	0.00471429	0	0.00471429	0.00471429	529	254.034	309	749	
1.95	2	1	9	13	4	2	2112	2	2112	0.00471429	0	0.00471429	0.00471429	1056	0	1056	1056	
1.95	2	1	10	14	4	2	2112	2	2112	0.00471429	0	0.00471429	0.00471429	1056	0	1056	1056	
2	2.05	1	1	12	4	4	2116	4	2116	0.00471429	0	0.00471429	0.00471429	529	254.034	309	749	
2	2.05	1	2	3	4	2	2112	2	2112	0.00471429	0	0.00471429	0.00471429	1056	0	1056	1056	
2	2.05	1	3	11	4	2	2112	2	2112	0.00471429	0	0.00471429	0.00471429	1056	0	1056	1056	
2	2.05	1	4	2	4	2	2112	2	2112	0.00471429	0	0.00471429	0.00471429	1056	0	1056	1056	
2	2.05	1	5	15	4	2	2112	2	2112	0.00471429	0	0.00471429	0.00471429	1056	0	1056	1056	
2	2.05	1	6	4	4	4	2116	4	2116	0.00471429	0	0.00471429	0.00471429	529	254.034	309	749	
2	2.05	1	7	16	4	2	2112	2	2112	0.00471429	0	0.00471429	0.00471429	1056	0	1056	1056	
2	2.05	1	8	1	4	4	2116	4	2116	0.00471429	0	0.00471429	0.00471429	529	254.034	309	749	
2	2.05	1	9	13	4	2	2112	2	2112	0.00471429	0	0.00471429	0.00471429	1056	0	1056	1056	
2	2.05	1	10	14	4	2	2112	2	2112	0.00471429	0	0.00471429	0.00471429	1056	0	1056	1056	
2.05	2.1	1	1	12	4	4	2116	4	2116	0.00471429	0	0.00471429	0.00471429	529	254.034	309	749	
2.05	2.1	1	2	3	4	2	2112	2	2112	0.00471429	0	0.00471429	0.00471429	1056	0	1056	1056	
2.05	2.1	1	3	11	4	2	2112	2	2112	0.00471429	0	0.00471429	0.00471429	1056	0	1056	1056	
2.05	2.1	1	4	2	4	2	2112	2	2112	0.00471429	0	0.00471429	0.00471429	1056	0	1056	1056	
2.05	2.1	1	5	15	4	2	2112	2	2112	0.00471429	0	0.00471429	0.00471429	1056	0	1056	1056	
2.05	2.1	1	6	4	4	4	2116	4	2116	0.00471429	0	0.00471429	0.00471429	529	254.034	309	749	
2.05	2.1	1	7	16	4	2	2112	2	2112	0.00471429	0	0.00471429	0.00471429	1056	0	1056	1056	
2.05	2.1	1	8	1	4	4	2116	4	2116	0.00471429	0	0.00471429	0.00471429	529	254.034	309	749	
2.05	2.1	1	9	13	4	2	2112	2	2112	0.00471429	0	0.00471429	0.00471429	1056	0	1056	1056	
2.05	2.1	1	10	14	4	2	2112	2	2112	0.00471429	0	0.00471429	0.00471429	1056	0	1056	1056	
2.1	2.15	1	1	12	4	4	2116	4	2116	0.00471429	0	0.00471429	0.00471429	529	254.034	309	749	
2.1	2.15	1	2	3	4	2	2112	2	2112	0.00471429	0	0.00471429	0.00471429	1056	0	1056	1056	
2.1	2.15	1	3	11	4	2	2112	2	2112	0.00471429	0	0.00471429	0.00471429	1056	0	1056	1056	
2.1	2.15	1	4	2	4	2	2112	2	2112	0.00471429	0	0.00471429	0.00471429	1056	0	1056	1056	
2.1	2.15	1	5	15	4	2	2112	2	2112	0.00471429	0	0.00471429	0.00471429	1056	0	1056	1056	
2.1	2.15	1	6	4	4	4	2116	4	2116	0.00471429	0	0.00471429	0.00471429	529	254.034	309	749	
2.1	2.15	1	7	16	4	2	2112	2	2112	0.00471429	0	0.00471429	0.00471429	1056	0	1056	1056	
2.1	2.15	1	8	1	4	4	2116	4	2116	0.00471429	0	0.00471429	0.00471429	529	254.034	309	749	
2.1	2.15	1	9	13	4	2	2112	2	2112	0.00471429	0	0.00471429	0.00471429	1056	0	1056	1056	
2.1	2.15	1	10	14	4	2	2112	2	2112	0.00471429	0	0.00471429	0.00471429	1056	0	1056	1056	
2.15	2.2	1	1	12	4	4	2116	4	2116	0.00471429	0	0.00471429	0.00471429	529	254.034	309	749	
2.15	2.2	1	2	3	4	2	2112	2	2112	0.00471429	0	0.00471429	0.00471429	1056	0	1056	1056	
2.15	2.2	1	3	11	4	2	2112	2	2112	0.00471429	0	0.00471429	0.00471429	1056	0	1056	1056	
2.15	2.2	1	4	2	4	2	2112	2	2112	0.00471429	0	0.00471429	0.00471429	1056	0	1056	1056	
2.15	2.2	1	5	15	4	2	2112	2	2112	0.00471429	0	0.00471429	0.00471429	1056	0	1056	1056	
2.15	2.2	1	6	4	4	4	2116	4	2116	0.00471429	0	0.00471429	0.00471429	529	254.034	309	749	
2.15	2.2	1	7	16	4	2	2112	2	2112	0.00471429	0	0.00471429	0.00471429	1056	0	1056	1056	
2.15	2.2	1	8	1	4	4	2116	4	2116	0.00471429	0	0.00471429	0.00471429	529	254.034	309	749	
2.15	2.2	1	9	13	4	2	2112	2	2112	0.00471429	0	0.00471429	0.00471429	1056	0	1056	1056	
2.15	2.2	1	10	14	4	2	2112	2	2112	0.00471429	0	0.00471429	0.00471429	1056	0	1056	1056	
2.2	2.25	1	1	12	4	4	2116	4	2116	0.00471429	0	0.00471429	0.00471429	529	254.034	309	749	
2.2	2.25	1	2	3	4	2	2112	2	2112	0.00471429	0	0.00471429	0.00471429	1056	0	1056	1056	
2.2	2.25	1	3	11	4	2	2112	2	2112	0.00471429	0	0.00471429	0.00471429	1056	0	1056	1056	
2.2	2.25	1	4	2	4	2	2112	2	2112	0.00471429	0	0.00471429	0.00471429	1056	0	1056	1056	
2.2	2.25	1	5	15	4	2	2112	2	2112	0.00471429	0	0.00471429	0.00471429	1056	0	1056	1056	
2.2	2.25	1	6	4	4	4	2116	4	2116	0.00471429	0	0.00471429	0.00471429	529	254.034	309	749	
2.2	2.25	1	7	16	4	2	2112	2	2112	0.00471429	0	0.00471429	0.00471429	1056	0	1056	1056	
2.2	2.25	1	8	1	4	4	2116	4	2116	0.00471429	0	0.00471429	0.00471429	529	254.034	309	749	
2.2	2.25	1	9	13	4	2	2112	2	2112	0.00471429	0	0.00471429	0.00471429	1056	0	1056	1056	
2.2	2.25	1	10	14	4	2	2112	2	2112	0.00471429	0	0.00471429	0.00471429	1056	0	1056	1056	
2.25	2.3	1	1	12	4	4	2116	4	2116	0.00471429	0	0.00471429	0.00471429	529	254.034	309	749	
2.25	2.3	1	2	3	4	2	2112	2	2112	0.00471429	0	0.00471429	0.00471429	1056	0	1056	1056	
2.25	2.3	1	3	11	4	2	2112	2	2112	0.00471429	0	0.00471429	0.00471429	1056	0	1056	1056	
2.25	2.3	1	4	2	4	2	2112	2	2112	0.00471429	0	0.00471429	0.00471429	1056	0	1056	1056	
2.25	2.3	1	5	15	4	2	2112	2	2112	0.00471429	0	0.00471429	0.00471429	1056	0	1056	1056	
2.25	2.3	1	6	4	4	4	2116	4	2116	0.00471429	0	0.00471429	0.00471429	529	254.034	309	749	
2.25	2.3	1	7	16	4	2	2112	2	2112	0.00471429	0	0.00471429	0.00471429	1056	0	1056	1056	
2.25	2.3	1	8	1	4	4	2116	4	2116	0.00471429	0	0.00471429	0.00471429	529	254.034	309	749	
2.25	2.3	1	9	13	4	2	2112	2	2112	0.00471429	0	0.00471429	0.00471429	1056	0	1056	1056	
2.25	2.3	1	10	14	4	2	2112	2	2112	0.00471429	0	0.00471429	0.00471429	1056	0	1056	1056	
2.3	2.35	1	1	12	4	4	2116	4	2116	0.00471429	0	0.00471429	0.00471429	529	254.034	309	749	
2.3	2.35	1	2	3	4	2	2112	2	2112	0.00471429	0	0.00471429	0.00471429	1056	0	1056	1056	
2.3	2.35	1	3	11	4	2	2112	2	2112	0.00471429	0	0.00471429	0.00471429	1056	0	1056	1056	
2.3	2.35	1	4	2	4	2	2112	2	2112	0.00471429	0	0.00471429	0.00471429	1056	0	1056	1056	
2.3	2.35	1	5	15	4	2	2112	2	2112	0.00471429	0	0.00471429	0.00471429	1056	0	1056	1056	
2.3	2.35	1	6	4	4	4	2116	4	2116	0.00471429	0	0.00471429	0.00471429	529	254.034	309	749	
2.3	2.35	1	7	16	4	2	2112	2	2112	0.00471429	0	0.00471429	0.00471429	1056	0	1056	1056	
2.3	2.35	1	8	1	4	4	2116	4	2116	0.00471429	0	0.00471429	0.00471429	529	254.034	309	749	
2.3	2.35	1	9	13	4	2	2112	2	2112	0.00471429	0	0.00471429	0.00471429	1056	0	1056	1056	
2.3	2.35	1	10	14	4	2	2112	2	2112	0.00471429	0	0.00471429	0.00471429	1056	0	1056	1056	
2.35	2.4	1	1	12	4	4	2116	4	2116	0.00471429	0	0.00471429	0.00471429	529	254.034	309	749	
2.35	2.4	1	2	3	4	2	2112	2	2112	0.00471429	0	0.00471429	0.00471429	1056	0	1056	1056	
2.35	2.4	1	3	11	4	2	2112	2	2112	0.00471429	0	0.00471429	0.00471429	1056	0	1056	1056	
2.35	2.4	1	4	2	4	2	2112	2	2112	0.00471429	0	0.00471429	0.00471429	1056	0	1056	1056	
2.35	2.4	1	5	15	4	2	2112	2	2112	0.00471429	0	0.00471429	0.00471429	1056	0	1056	1056	
2.35	2.4	1	6	4	4	4	2116	4	2116	0.00471429	0	0.00471429	0.00471429	529	254.034	309	749	
2.35	2.4	1	7	16	4	2	2112	2	2112	0.00471429	0	0.00471429	0.00471429	1056	0	1056	1056	
2.35	2.4	1	8	1	4	4	2116	4	2116	0.00471429	0	0.00471429	0.00471429	529	254.034	309	749	
2.35	2.4	1	9	13	4	2	2112	2	2112	0.00471429	0	0.00471429	0.00471429	1056	0	1056	1056	
2.35	2.4	1	10	14	4	2	2112	2	2112	0.00471429	0	0.00471429	0.00471429	1056	0	1056	1056	
2.4	2.45	1	1	12	4	4	2116	4	2116	0.00471429	0	0.00471429	0.00471429	529	254.034	309	749	
2.4	2.45	1	2	3	4	2	2112	2	2112	0.00471429	0	0.00471429	0.00471429	1056	0	1056	1056	
2.4	2.45	1	3	11	4	2	2112	2	2112	0.00471429	0	0.00471429	0.00471429	1056	0	1056	1056	
2.4	2.45	1	4	2	4	2	2112	2	2112	0.00471429	0	0.00471429	0.00471429	1056	0	1056	1056	
2.4	2.45	1	5	15	4	2	2112	2	2112	0.00471429	0	0.00471429	0.00471429	1056	0	1056	1056	
2.4	2.45	1	6	4	4	4	2116	4	2116	0.00471429	0	0.00471429	0.00471429	529	254.034	309	749	
2.4	2.45	1	7	16	4	2	2112	2	2112	0.00471429	0	0.00471429	0.00471429	1056	0	1056	1056	
2.4	2.45	1	8	1	4	4	2116	4	2116	0.00471429	0	0.00471429	0.00471429	529	254.034	309	749	
2.4	2.45	1	9	13	4	2	2112	2	2112	0.00471429	0	0.00471429	0.00471429	1056	0	1056	1056	
2.4	2.45	1	10	14	4	2	2112	2	2112	0.00471429	0	0.00471429	0.00471429	1056	0	1056	1056	
2.45	2.5	1	1	12	4	4	2116	4	2116	0.00471429	0	0.00471429	0.00471429	529	254.034	309	749	
2.45	2.5	1	2	3	4	2	2112	2	2112	0.00471429	0	0.00471429	0.00471429	1056	0	1056	1056	
2.45	2.5	1	3	11	4	2	2112	2	2112	0.00471429	0	0.00471429	0.00471429	1056	0	1056	1056	
2.45	2.5	1	4	2	4	2	2112	2	2112	0.00471429	0	0.00471429	0.00471429	1056	0	1056	1056	
2.45	2.5	1	5	15	4	2	2112	2	2112	0.00471429	0	0.00471429	0.00471429	1056	0	1056	1056	
2.45	2.5	1	6	4	4	4	2116	4	2116	0.00471429	0	0.00471429	0.00471429	529	254.034	309	749	
2.45	2.5	1	7	16	4	2	2112	2	2112	0.00471429	0	0.00471429	0.00471429	1056	0	1056	1056	
2.45	2.5	1	8	1	4	4	2116	4	2116	0.00471429	0	0.00471429	0.00471429	529	254.034	309	749	
2.45	2.5	1	9	13	4	2	2112	2	2112	0.00471429	0	0.00471429	0.00471429	1056	0	1056	1056	
2.45	2.5	1	10	14	4	2	2112	2	2112	0.00471429	0	0.00471429	0.00471429	1056	0	1056	1056	
2.5	2.55	1	1	12	4	4	2116	4	2116	0.00471429	0	0.00471429	0.00471429	529	254.034	309	749	
2.5	2.55	1	2	3	4	2	2112	2	2112	0.00471429	0	0.00471429	0.00471429	1056	0	1056	1056	
2.5	2.55	1	3	11	4	2	2112	2	2112	0.00471429	0	0.00471429	0.00471429	1056	0	1056	1056	
2.5	2.55	1	4	2	4	2	2112	2	2112	0.00471429	0	0.00471429	0.00471429	1056	0	1056	1056	
2.5	2.55	1	5	15	4	2	2112	2	2112	0.00471429	0	0.00471429	0.00471429	1056	0	1056	1056	
2.5	2.55	1	6	4	4	4	2116	4	2116	0.00471429	0	0.00471429	0.00471429	529	254.034	309	749	
2.5	2.55	1	7	16	4	2	2112	2	2112	0.00471429	0	0.00471429	0.00471429	1056	0	1056	1056	
2.5	2.55	1	8	1	4	4	2116	4	2116	0.00471429	0	0.00471429	0.00471429	529	254.034	309	749	
2.5	2.55	1	9	13	4	2	2112	2	2112	0.00471429	0	0.00471429	0.00471429	1056	0	1056	1056	
2.5	2.55	1	10	14	4	2	2112	2	2112	0.00471429	0	0.00471429	0.00471429	1056	0	1056	1056	
2.55	2.6	1	1	12	4	4	2116	4	2116	0.00471429	0	0.00471429	0.00471429	529	254.034	309	749	
2.55	2.6	1	2	3	4	2	2112	2	2112	0.00471429	0	0.00471429	0.00471429	1056	0	1056	1056	
2.55	2.6	1	3	11	4	2	2112	2	2112	0.00471429	0	0.00471429	0.00471429	1056	0	1056	1056	
2.55	2.6	1	4	2	4	2	2112	2	2112	0.00471429	0	0.00471429	0.00471429	1056	0	1056	1056	
2.55	2.6	1	5	15	4	2	2112	2	2112	0.00471429	0	0.00471429	0.00471429	1056	0	1056	1056	
2.55	2.6	1	6	4	4	4	2116	4	2116	0.00471429	0	0.00471429	0.00471429	529	254.034	309	749	
2.55	2.6	1	7	16	4	2	2112	2	2112	0.00471429	0	0.00471429	0.00471429	1056	0	1056	1056	
2.55	2.6	1	8	1	4	4	2116	4	2116	0.00471429	0	0.00471429	0.00471429	529	254.034	309	749	
2.55	2.6	1	9	13	4	2	2112	2	2112	0.00471429	0	0.00471429	0.00471429	1056	0	1056	1056	
2.55	2.6	1	10	14	4	2	2112	2	2112	0.00471429	0	0.00471429	0.00471429	1056	0	1056	1056	
2.6	2.65	1	1	12	4	4	2116	4	2116	0.00471429	0	0.00471429	0.00471429	529	254.034	309	749	
2.6	2.65	1	2	3	4	2	2112	2	2112	0.00471429	0	0.00471429	0.00471429	1056	0	1056	1056	
2.6	2.65	1	3	11	4	2	2112	2	2112	0.00471429	0	0.00471429	0.00471429	1056	0	1056	1056	
2.6	2.65	1	4	2	4	2	2112	2	2112	0.00471429	0	0.00471429	0.00471429	1056	0	1056	1056	
2.6	2.65	1	5	15	4	2	2112	2	2112	0.00471429	0	0.00471429	0.00471429	1056	0	1056	1056	
2.6	2.65	1	6	4	4	4	2116	4	2116	0.00471429	0	0.00471429	0.00471429	529	254.034	309	749	
2.6	2.65	1	7	16	4	2	2112	2	2112	0.00471429	0	0.00471429	0.00471429	1056	0	1056	1056	
2.6	2.65	1	8	1	4	4	2116	4	2116	0.00471429	0	0.00471429	0.00471429	529	254.034	309	749	
2.6	2.65	1	9	13	4	2	2112	2	2112	0.00471429	0	0.00471429	0.00471429	1056	0	1056	1056	
2.6	2.65	1	10	14	4	2	2112	2	2112	0.00471429	0	0.00471429	0.00471429	1056	0	1056	1056	
2.65	2.7	1	1	12	4	4	2116	4	2116	0.00471429	0	0.00471429	0.00471429	529	254.034	309	749	
2.65	2.7	1	2	3	4	2	2112	2	2112	0.00471429	0	0.00471429	0.00471429	1056	0	1056	1056	
2.65	2.7	1	3	11	4	2	2112	2	2112	0.00471429	0	0.00471429	0.00471429	1056	0	1056	1056	
2.65	2.7	1	4	2	4	2	2112	2	2112	0.00471429	0	0.00471429	0.00471429	1056	0	1056	1056	
2.65	2.7	1	5	15	4	2	2112	2	2112	0.00471429	0	0.00471429	0.00471429	1056	0	1056	1056	
2.65	2.7	1	6	4	4	4	2116	4	2116	0.00471429	0	0.00471429	0.00471429	529	254.034	309	749	
2.65	2.7	1	7	16	4	2	2112	2	2112	0.00471429	0	0.00471429	0.00471429	1056	0	1056	1056	
2.65	2.7	1	8	1	4	4	2116	4	2116	0.00471429	0	0.00471429	0.00471429	529	254.034	309	749	
2.65	2.7	1	9	13	4	2	2112	2	2112	0.00471429	0	0.00471429	0.00471429	1056	0	1056	1056	
2.65	2.7	1	10	14	4	2	2112	2	2112	0.00471429	0	0.00471429	0.00471429	1056	0	1056	1056	
2.7	2.75	1	1	12	4	4	2116	4	2116	0.00471429	0	0.00471429	0.00471429	529	254.034	309	749	
2.7	2.75	1	2	3	4	2	2112	2	2112	0.00471429	0	0.00471429	0.00471429	1056	0	1056	1056	
2.7	2.75	1	3	11	4	2	2112	2	2112	0.00471429	0	0.00471429	0.00471429	1056	0	1056	1056	
2.7	2.75	1	4	2	4	2	2112	2	2112	0.00471429	0	0.00471429	0.00471429	1056	0	1056	1056	
2.7	2.75	1	5	15	4	2	2112	2	2112	0.00471429	0	0.00471429	0.00471429	1056	0	1056	1056	
2.7	2.75	1	6	4	4	4	2116	4	2116	0.00471429	0	0.00471429	0.00471429	529	254.034	309	749	
2.7	2.75	1	7	16	4	2	2112	2	2112	0.00471429	0	0.00471429	0.00471429	1056	0	1056	1056	
2.7	2.75	1	8	1	4	4	2116	4	2116	0.00471429	0	0.00471429	0.00471429	529	254.034	309	749	
2.7	2.75	1	9	13	4	2	2112	2	2112	0.00471429	0	0.00471429	0.00471429	1056	0	1056	1056	
2.7	2.75	1	10	14	4	2	2112	2	2112	0.00471429	0	0.00471429	0.00471429	1056	0	1056	1056	
2.75	2.8	1	1	12	4	4	2116	4	2116	0.00471429	0	0.00471429	0.00471429	529	254.034	309	749	
2.75	2.8	1	2	3	4	2	2112	2	2112	0.00471429	0	0.00471429	0.00471429	1056	0	1056	1056	
2.75	2.8	1	3	11	4	2	2112	2	2112	0.00471429	0	0.00471429	0.00471429	1056	0	1056	1056	
2.75	2.8	1	4	2	4	2	2112	2	2112	0.00471429	0	0.00471429	0.00471429	1056	0	1056	1056	
2.75	2.8	1	5	15	4	2	2112	2	2112	0.00471429	0	0.00471429	0.00471429	1056	0	1056	1056	
2.75	2.8	1	6	4	4	4	2116	4	2116	0.00471429	0	0.00471429	0.00471429	529	254.034	309	749	
2.75	2.8	1	7	16	4	2	2112	2	2112	0.00471429	0	0.00471429	0.00471429	1056	0	1056	1056	
2.75	2.8	1	8	1	4	4	2116	4	2116	0.00471429	0	0.00471429	0.00471429	529	254.034	309	749	
2.75	2.8	1	9	13	4	2	2112	2	2112	0.00471429	0	0.00471429	0.00471429	1056	0	1056	1056	
2.75	2.8	1	10	14	4	2	2112	2	2112	0.00471429	0	0.00471429	0.00471429	1056	0	1056	1056	
2.8	2.85	1	1	12	4	4	2116	4	2116	0.00471429	0	0.00471429	0.00471429	529	254.034	309	749	
2.8	2.85	1	2	3	4	2	2112	2	2112	0.00471429	0	0.00471429	0.00471429	1056	0	1056	1056	
2.8	2.85	1	3	11	4	2	2112	2	2112	0.00471429	0	0.00471429	0.00471429	1056	0	1056	1056	
2.8	2.85	1	4	2	4	2	2112	2	2112	0.00471429	0	0.00471429	0.00471429	1056	0	1056	1056	
2.8	2.85	1	5	15	4	2	2112	2	2112	0.00471429	0	0.00471429	0.00471429	1056	0	1056	1056	
2.8	2.85	1	6	4	4	4	2116	4	2116	0.00471429	0	0.00471429	0.00471429	529	254.034	309	749	
2.8	2.85	1	7	16	4	2	2112	2	2112	0.00471429	0	0.00471429	0.00471429	1056	0	1056	1056	
2.8	2.85	1	8	1	4	4	2116	4	2116	0.00471429	0	0.00471429	0.00471429	529	254.034	309	749	
2.8	2.85	1	9	13	4	2	2112	2	2112	0.00471429	0	0.00471429	0.00471429	1056	0	1056	1056	
2.8	2.85	1	10	14	4	2	2112	2	2112	0.00471429	0	0.00471429	0.00471429	1056	0	1056	1056	
2.85	2.9	1	1	12	4	4	2116	4	2116	0.00471429	0	0.00471429	0.00471429	529	254.034	309	749	
2.85	2.9	1	2	3	4	2	2112	2	2112	0.00471429	0	0.00471429	0.00471429	1056	0	1056	1056	
2.85	2.9	1	3	11	4	2	2112	2	2112	0.00471429	0	0.00471429	0.00471429	1056	0	1056	1056	
2.85	2.9	1	4	2	4	2	2112	2	2112	0.00471429	0	0.00471429	0.00471429	1056	0	1056	1056	
2.85	2.9	1	5	15	4	2	2112	2	2112	0.00471429	0	0.00471429	0.00471429	1056	0	1056	1056	
2.85	2.9	1	6	4	4	4	2116	4	2116	0.00471429	0	0.00471429	0.00471429	529	254.034	309	749	
2.85	2.9	1	7	16	4	2	2112	2	2112	0.00471429	0	0.00471429	0.00471429	1056	0	1056	1056	
2.85	2.9	1	8	1	4	4	2116	4	2116	0.00471429	0	0.00471429	0.00471429	529	254.034	309	749	
2.85	2.9	1	9	13	4	2	2112	2	2112	0.00471429	0	0.00471429	0.00471429	1056	0	1056	1056	
2.85	2.9	1	10	14	4	2	2112	2	2112	0.00471429	0	0.00471429	0.00471429	1056	0	1056	1056	
2.9	2.95	1	1	12	4	4	2116	4	2116	0.00471429	0	0.00471429	0.00471429	529	254.034	309	749	
2.9	2.95	1	2	3	4	2	2112	2	2112	0.00471429	0	0.00471429	0.00471429	1056	0	1056	1056	
2.9	2.95	1	3	11	4	2	2112	2	2112	0.00471429	0	0.00471429	0.00471429	1056	0	1056	1056	
2.9	2.95	1	4	2	4	2	2112	2	2112	0.00471429	0	0.00471429	0.00471429	1056	0	1056	1056	
2.9	2.95	1	5	15	4	2	2112	2	2112	0.00471429	0	0.00471429	0.00471429	1056	0	1056	1056	
2.9	2.95	1	6	4	4	4	2116	4	2116	0.00471429	0	0.00471429	0.00471429	529	254.034	309	749	
2.9	2.95	1	7	16	4	2	2112	2	2112	0.00471429	0	0.00471429	0.00471429	1056	0	1056	1056	
2.9	2.95	1	8	1	4	4	2116	4	2116	0.00471429	0	0.00471429	0.00471429	529	254.034	309	749	
2.9	2.95	1	9	13	4	2	2112	2	2112	0.00471429	0	0.00471429	0.00471429	1056	0	1056	1056	
2.9	2.95	1	10	14	4	2	2112	2	2112	0.00471429	0	0.00471429	0.00471429	1056	0	1056	1056	
2.95	3	1	1	12	4	4	2116	4	2116	0.00471429	0	0.00471429	0.00471429	529	254.034	309	749	
2.95	3	1	2	3	4	2	2112	2	2112	0.00471429	0	0.00471429	0.00471429	1056	0	1056	1056	
2.95	3	1	3	11	4	2	2112	2	2112	0.00471429	0	0.00471429	0.00471429	1056	0	1056	1056	
2.95	3	1	4	2	4	2	2112	2	2112	0.00471429	0	0.00471429	0.00471429	1056	0	1056	1056	
2.95	3	1	5	15	4	2	2112	2	2112	0.00471429	0	0.00471429	0.00471429	1056	0	1056	1056	
2.95	3	1	6	4	4	4	2116	4	2116	0.00471429	0	0.00471429	0.00471429	529	254.034	309	749	
2.95	3	1	7	16	4	2	2112	2	2112	0.00471429	0	0.00471429	0.00471429	1056	0	1056	1056	
2.95	3	1	8	1	4	4	2116	4	2116	0.00471429	0	0.00471429	0.00471429	529	254.034	309	749	
2.95	3	1	9	13	4	2	2112	2	2112	0.00471429	0	0.00471429	0.00471429	1056	0	1056	1056	
2.95	3	1	10	14	4	2	2112	2	2112	0.00471429	0	0.00471429	0.00471429	1056	0	1056	1056	
3	3.05	1	1	12	4	4	2116	4	2116	0.00471429	0	0.00471429	0.00471429	529	254.034	309	749	
3	3.05	1	2	3	4	2	2112	2	2112	0.00471429	0	0.00471429	0.00471429	1056	0	1056	1056	
3	3.05	1	3	11	4	2	2112	2	2112	0.00471429	0	0.00471429	0.00471429	1056	0	1056	1056	
3	3.05	1	4	2	4	2	2112	2	2112	0.00471429	0	0.00471429	0.00471429	1056	0	1056	1056	
3	3.05	1	5	15	4	2	2112	2	2112	0.00471429	0	0.00471429	0.00471429	1056	0	1056	1056	
3	3.05	1	6	4	4	4	2116	4	2116	0.00471429	0	0.00471429	0.00471429	529	254.034	309	749	
3	3.05	1	7	16	4	2	2112	2	2112	0.00471429	0	0.00471429	0.00471429	1056	0	1056	1056	
3	3.05	1	8	1	4	4	2116	4	2116	0.00471429	0	0.00471429	0.00471429	529	254.034	309	749	
3	3.05	1	9	13	4	2	2112	2	2112	0.00471429	0	0.00471429	0.00471429	1056	0	1056	1056	
3	3.05	1	10	14	4	2	2112	2	2112	0.00471429	0	0.00471429	0.00471429	1056	0	1056	1056	
3.05	3.1	1	1	12	4	4	2116	4	2116	0.00471429	0	0.00471429	0.00471429	529	254.034	309	749	
3.05	3.1	1	2	3	4	2	2112	2	2112	0.00471429	0	0.00471429	0.00471429	1056	0	1056	1056	
3.05	3.1	1	3	11	4	2	2112	2	2112	0.00471429	0	0.00471429	0.00471429	1056	0	1056	1056	
3.05	3.1	1	4	2	4	2	2112	2	2112	0.00471429	0	0.00471429	0.00471429	1056	0	1056	1056	
3.05	3.1	1	5	15	4	2	2112	2	2112	0.00471429	0	0.00471429	0.00471429	1056	0	1056	1056	
3.05	3.1	1	6	4	4	4	2116	4	2116	0.00471429	0	0.00471429	0.00471429	529	254.034	309	749	
3.05	3.1	1	7	16	4	2	2112	2	2112	0.00471429	0	0.00471429	0.00471429	1056	0	1056	1056	
3.05	3.1	1	8	1	4	4	2116	4	2116	0.00471429	0	0.00471429	0.00471429	529	254.034	309	749	
3.05	3.1	1	9	13	4	2	2112	2	2112	0.00471429	0	0.00471429	0.00471429	1056	0	1056	1056	
3.05	3.1	1	10	14	4	2	2112	2	2112	0.00471429	0	0.00471429	0.00471429	1056	0	1056	1056	
3.1	3.15	1	1	12	4	4	2116	4	2116	0.00471429	0	0.00471429	0.00471429	529	254.034	309	749	
3.1	3.15	1	2	3	4	2	2112	2	2112	0.00471429	0	0.00471429	0.00471429	1056	0	1056	1056	
3.1	3.15	1	3	11	4	2	2112	2	2112	0.00471429	0	0.00471429	0.00471429	1056	0	1056	1056	
3.1	3.15	1	4	2	4	2	2112	2	2112	0.00471429	0	0.00471429	0.00471429	1056	0	1056	1056	
3.1	3.15	1	5	15	4	2	2112	2	2112	0.00471429	0	0.00471429	0.00471429	1056	0	1056	1056	
3.1	3.15	1	6	4	4	4	2116	4	2116	0.00471429	0	0.00471429	0.00471429	529	254.034	309	749	
3.1	3.15	1	7	16	4	2	2112	2	2112	0.00471429	0	0.00471429	0.00471429	1056	0	1056	1056	
3.1	3.15	1	8	1	4	4	2116	4	2116	0.00471429	0	0.00471429	0.00471429	529	254.034	309	749	
3.1	3.15	1	9	13	4	2	2112	2	2112	0.00471429	0	0.00471429	0.00471429	1056	0	1056	1056	
3.1	3.15	1	10	14	4	2	2112	2	2112	0.00471429	0	0.00471429	0.00471429	1056	0	1056	1056	
3.15	3.2	1	1	12	4	4	2116	4	2116	0.00471429	0	0.00471429	0.00471429	529	254.034	309	749	
3.15	3.2	1	2	3	4	2	2112	2	2112	0.00471429	0	0.00471429	0.00471429	1056	0	1056	1056	
3.15	3.2	1	3	11	4	2	2112	2	2112	0.00471429	0	0.00471429	0.00471429	1056	0	1056	1056	
3.15	3.2	1	4	2	4	2	2112	2	2112	0.00471429	0	0.00471429	0.00471429	1056	0	1056	1056	
3.15	3.2	1	5	15	4	2	2112	2	2112	0.00471429	0	0.00471429	0.00471429	1056	0	1056	1056	
3.15	3.2	1	6	4	4	4	2116	4	2116	0.00471429	0	0.00471429	0.00471429	529	254.034	309	749	
3.15	3.2	1	7	16	4	2	2112	2	2112	0.00471429	0	0.00471429	0.00471429	1056	0	1056	1056	
3.15	3.2	1	8	1	4	4	2116	4	2116	0.00471429	0	0.00471429	0.00471429	529	254.034	309	749	
3.15	3.2	1	9	13	4	2	2112	2	2112	0.00471429	0	0.00471429	0.00471429	1056	0	1056	1056	
3.15	3.2	1	10	14	4	2	2112	2	2112	0.00471429	0	0.00471429	0.00471429	1056	0	1056	1056	
3.2	3.25	1	1	12	4	4	2116	4	2116	0.00471429	0	0.00471429	0.00471429	529	254.034	309	749	
3.2	3.25	1	2	3	4	2	2112	2	2112	0.00471429	0	0.00471429	0.00471429	1056	0	1056	1056	
3.2	3.25	1	3	11	4	2	2112	2	2112	0.00471429	0	0.00471429	0.00471429	1056	0	1056	1056	
3.2	3.25	1	4	2	4	2	2112	2	2112	0.00471429	0	0.00471429	0.00471429	1056	0	1056	1056	
3.2	3.25	1	5	15	4	2	2112	2	2112	0.00471429	0	0.00471429	0.00471429	1056	0	1056	1056	
3.2	3.25	1	6	4	4	4	2116	4	2116	0.00471429	0	0.00471429	0.00471429	529	254.034	309	749	
3.2	3.25	1	7	16	4	2	2112	2	2112	0.00471429	0	0.00471429	0.00471429	1056	0	1056	1056	
3.2	3.25	1	8	1	4	4	2116	4	2116	0.00471429	0	0.00471429	0.00471429	529	254.034	309	749	
3.2	3.25	1	9	13	4	2	2112	2	2112	0.00471429	0	0.00471429	0.00471429	1056	0	1056	1056	
3.2	3.25	1	10	14	4	2	2112	2	2112	0.00471429	0	0.00471429	0.00471429	1056	0	1056	1056	
3.25	3.3	1	1	12	4	4	2116	4	2116	0.00471429	0	0.00471429	0.00471429	529	254.034	309	749	
3.25	3.3	1	2	3	4	2	2112	2	2112	0.00471429	0	0.00471429	0.00471429	1056	0	1056	1056	
3.25	3.3	1	3	11	4	2	2112	2	2112	0.00471429	0	0.00471429	0.00471429	1056	0	1056	1056	
3.25	3.3	1	4	2	4	2	2112	2	2112	0.00471429	0	0.00471429	0.00471429	1056	0	1056	1056	
3.25	3.3	1	5	15	4	2	2112	2	2112	0.00471429	0	0.00471429	0.00471429	1056	0	1056	1056	
3.25	3.3	1	6	4	4	4	2116	4	2116	0.00471429	0	0.00471429	0.00471429	529	254.034	309	749	
3.25	3.3	1	7	16	4	2	2112	2	2112	0.00471429	0	0.00471429	0.00471429	1056	0	1056	1056	
3.25	3.3	1	8	1	4	4	2116	4	2116	0.00471429	0	0.00471429	0.00471429	529	254.034	309	749	
3.25	3.3	1	9	13	4	2	2112	2	2112	0.00471429	0	0.00471429	0.00471429	1056	0	1056	1056	
3.25	3.3	1	10	14	4	2	2112	2	2112	0.00471429	0	0.00471429	0.00471429	1056	0	1056	1056	
3.3	3.35	1	1	12	4	4	2116	4	2116	0.00471429	0	0.00471429	0.00471429	529	254.034	309	749	
3.3	3.35	1	2	3	4	2	2112	2	2112	0.00471429	0	0.00471429	0.00471429	1056	0	1056	1056	
3.3	3.35	1	3	11	4	2	2112	2	2112	0.00471429	0	0.00471429	0.00471429	1056	0	1056	1056	
3.3	3.35	1	4	2	4	2	2112	2	2112	0.00471429	0	0.00471429	0.00471429	1056	0	1056	1056	
3.3	3.35	1	5	15	4	2	2112	2	2112	0.00471429	0	0.00471429	0.00471429	1056	0	1056	1056	
3.3	3.35	1	6	4	4	4	2116	4	2116	0.00471429	0	0.00471429	0.00471429	529	254.034	309	749	
3.3	3.35	1	7	16	4	2	2112	2	2112	0.00471429	0	0.00471429	0.00471429	1056	0	1056	1056	
3.3	3.35	1	8	1	4	4	2116	4	2116	0.00471429	0	0.00471429	0.00471429	529	254.034	309	749	
3.3	3.35	1	9	13	4	2	2112	2	2112	0.00471429	0	0.00471429	0.00471429	1056	0	1056	1056	
3.3	3.35	1	10	14	4	2	2112	2	2112	0.00471429	0	0.00471429	0.00471429	1056	0	1056	1056	
3.35	3.4	1	1	12	4	4	2116	4	2116	0.00471429	0	0.00471429	0.00471429	529	254.034	309	749	
3.35	3.4	1	2	3	4	2	2112	2	2112	0.00471429	0	0.00471429	0.00471429	1056	0	1056	1056	
3.35	3.4	1	3	11	4	2	2112	2	2112	0.00471429	0	0.00471429	0.00471429	1056	0	1056	1056	
3.35	3.4	1	4	2	4	2	2112	2	2112	0.00471429	0	0.00471429	0.00471429	1056	0	1056	1056	
3.35	3.4	1	5	15	4	2	2112	2	2112	0.00471429	0	0.00471429	0.00471429	1056	0	1056	1056	
3.35	3.4	1	6	4	4	4	2116	4	2116	0.00471429	0	0.00471429	0.00471429	529	254.034	309	749	
3.35	3.4	1	7	16	4	2	2112	2	2112	0.00471429	0	0.00471429	0.00471429	1056	0	1056	1056	
3.35	3.4	1	8	1	4	4	2116	4	2116	0.00471429	0	0.00471429	0.00471429	529	254.034	309	749	
3.35	3.4	1	9	13	4	2	2112	2	2112	0.00471429	0	0.00471429	0.00471429	1056	0	1056	1056	
3.35	3.4	1	10	14	4	2	2112	2	2112	0.00471429	0	0.00471429	0.00471429	1056	0	1056	1056	
3.4	3.45	1	1	12	4	4	2116	4	2116	0.00471429	0	0.00471429	0.00471429	529	254.034	309	749	
3.4	3.45	1	2	3	4	2	2112	2	2112	0.00471429	0	0.00471429	0.00471429	1056	0	1056	1056	
3.4	3.45	1	3	11	4	2	2112	2	2112	0.00471429	0	0.00471429	0.00471429	1056	0	1056	1056	
3.4	3.45	1	4	2	4	2	2112	2	2112	0.00471429	0	0.00471429	0.00471429	1056	0	1056	1056	
3.4	3.45	1	5	15	4	2	2112	2	2112	0.00471429	0	0.00471429	0.00471429	1056	0	1056	1056	
3.4	3.45	1	6	4	4	4	2116	4	2116	0.00471429	0	0.00471429	0.00471429	529	254.034	309	749	
3.4	3.45	1	7	16	4	2	2112	2	2112	0.00471429	0	0.00471429	0.00471429	1056	0	1056	1056	
3.4	3.45	1	8	1	4	4	2116	4	2116	0.00471429	0	0.00471429	0.00471429	529	254.034	309	749	
3.4	3.45	1	9	13	4	2	2112	2	2112	0.00471429	0	0.00471429	0.00471429	1056	0	1056	1056	
3.4	3.45	1	10	14	4	2	2112	2	2112	0.00471429	0	0.00471429	0.00471429	1056	0	1056	1056	
3.45	3.5	1	1	12	4	4	2116	4	2116	0.00471429	0	0.00471429	0.00471429	529	254.034	309	749	
3.45	3.5	1	2	3	4	2	2112	2	2112	0.00471429	0	0.00471429	0.00471429	1056	0	1056	1056	
3.45	3.5	1	3	11	4	2	2112	2	2112	0.00471429	0	0.00471429	0.00471429	1056	0	1056	1056	
3.45	3.5	1	4	2	4	2	2112	2	2112	0.00471429	0	0.00471429	0.00471429	1056	0	1056	1056	
3.45	3.5	1	5	15	4	2	2112	2	2112	0.00471429	0	0.00471429	0.00471429	1056	0	1056	1056	
3.45	3.5	1	6	4	4	4	2116	4	2116	0.00471429	0	0.00471429	0.00471429	529	254.034	309	749	
3.45	3.5	1	7	16	4	2	2112	2	2112	0.00471429	0	0.00471429	0.00471429	1056	0	1056	1056	
3.45	3.5	1	8	1	4	4	2116	4	2116	0.00471429	0	0.00471429	0.00471429	529	254.034	309	749	
3.45	3.5	1	9	13	4	2	2112	2	2112	0.00471429	0	0.00471429	0.00471429	1056	0	1056	1056	
3.45	3.5	1	10	14	4	2	2112	2	2112	0.00471429	0	0.00471429	0.00471429	1056	0	1056	1056	
3.5	3.55	1	1	12	4	4	2116	4	2116	0.00471429	0	0.00471429	0.00471429	529	254.034	309	749	
3.5	3.55	1	2	3	4	2	2112	2	2112	0.00471429	0	0.00471429	0.00471429	1056	0	1056	1056	
3.5	3.55	1	3	11	4	2	2112	2	2112	0.00471429	0	0.00471429	0.00471429	1056	0	1056	1056	
3.5	3.55	1	4	2	4	2	2112	2	2112	0.00471429	0	0.00471429	0.00471429	1056	0	1056	1056	
3.5	3.55	1	5	15	4	2	2112	2	2112	0.00471429	0	0.00471429	0.00471429	1056	0	1056	1056	
3.5	3.55	1	6	4	4	4	2116	4	2116	0.00471429	0	0.00471429	0.00471429	529	254.034	309	749	
3.5	3.55	1	7	16	4	2	2112	2	2112	0.00471429	0	0.00471429	0.00471429	1056	0	1056	1056	
3.5	3.55	1	8	1	4	4	2116	4	2116	0.00471429	0	0.00471429	0.00471429	529	254.034	309	749	
3.5	3.55	1	9	13	4	2	2112	2	2112	0.00471429	0	0.00471429	0.00471429	1056	0	1056	1056	
3.5	3.55	1	10	14	4	2	2112	2	2112	0.00471429	0	0.00471429	0.00471429	1056	0	1056	1056	
3.55	3.6	1	1	12	4	4	2116	4	2116	0.00471429	0	0.00471429	0.00471429	529	254.034	309	749	
3.55	3.6	1	2	3	4	2	2112	2	2112	0.00471429	0	0.00471429	0.00471429	1056	0	1056	1056	
3.55	3.6	1	3	11	4	2	2112	2	2112	0.00471429	0	0.00471429	0.00471429	1056	0	1056	1056	
3.55	3.6	1	4	2	4	2	2112	2	2112	0.00471429	0	0.00471429	0.00471429	1056	0	1056	1056	
3.55	3.6	1	5	15	4	2	2112	2	2112	0.00471429	0	0.00471429	0.00471429	1056	0	1056	1056	
3.55	3.6	1	6	4	4	4	2116	4	2116	0.00471429	0	0.00471429	0.00471429	529	254.034	309	749	
3.55	3.6	1	7	16	4	2	2112	2	2112	0.00471429	0	0.00471429	0.00471429	1056	0	1056	1056	
3.55	3.6	1	8	1	4	4	2116	4	2116	0.00471429	0	0.00471429	0.00471429	529	254.034	309	749	
3.55	3.6	1	9	13	4	2	2112	2	2112	0.00471429	0	0.00471429	0.00471429	1056	0	1056	1056	
3.55	3.6	1	10	14	4	2	2112	2	2112	0.00471429	0	0.00471429	0.00471429	1056	0	1056	1056	
3.6	3.65	1	1	12	4	4	2116	4	2116	0.00471429	0	0.00471429	0.00471429	529	254.034	309	749	
3.6	3.65	1	2	3	4	2	2112	2	2112	0.00471429	0	0.00471429	0.00471429	1056	0	1056	1056	
3.6	3.65	1	3	11	4	2	2112	2	2112	0.00471429	0	0.00471429	0.00471429	1056	0	1056	1056	
3.6	3.65	1	4	2	4	2	2112	2	2112	0.00471429	0	0.00471429	0.00471429	1056	0	1056	1056	
3.6	3.65	1	5	15	4	2	2112	2	2112	0.00471429	0	0.00471429	0.00471429	1056	0	1056	1056	
3.6	3.65	1	6	4	4	4	2116	4	2116	0.00471429	0	0.00471429	0.00471429	529	254.034	309	749	
3.6	3.65	1	7	16	4	2	2112	2	2112	0.00471429	0	0.00471429	0.00471429	1056	0	1056	1056	
3.6	3.65	1	8	1	4	4	2116	4	2116	0.00471429	0	0.00471429	0.00471429	529	254.034	309	749	
3.6	3.65	1	9	13	4	2	2112	2	2112	0.00471429	0	0.00471429	0.00471429	1056	0	1056	1056	
3.6	3.65	1	10	14	4	2	2112	2	2112	0.00471429	0	0.00471429	0.00471429	1056	0	1056	1056	
3.65	3.7	1	1	12	4	4	2116	4	2116	0.00471429	0	0.00471429	0.00471429	529	254.034	309	749	
3.65	3.7	1	2	3	4	2	2112	2	2112	0.00471429	0	0.00471429	0.00471429	1056	0	1056	1056	
3.65	3.7	1	3	11	4	2	2112	2	2112	0.00471429	0	0.00471429	0.00471429	1056	0	1056	1056	
3.65	3.7	1	4	2	4	2	2112	2	2112	0.00471429	0	0.00471429	0.00471429	1056	0	1056	1056	
3.65	3.7	1	5	15	4	2	2112	2	2112	0.00471429	0	0.00471429	0.00471429	1056	0	1056	1056	
3.65	3.7	1	6	4	4	4	2116	4	2116	0.00471429	0	0.00471429	0.00471429	529	254.034	309	749	
3.65	3.7	1	7	16	4	2	2112	2	2112	0.00471429	0	0.00471429	0.00471429	1056	0	1056	1056	
3.65	3.7	1	8	1	4	4	2116	4	2116	0.00471429	0	0.00471429	0.00471429	529	254.034	309	749	
3.65	3.7	1	9	13	4	2	2112	2	2112	0.00471429	0	0.00471429	0.00471429	1056	0	1056	1056	
3.65	3.7	1	10	14	4	2	2112	2	2112	0.00471429	0	0.00471429	0.00471429	1056	0	1056	1056	
3.7	3.75	1	1	12	4	4	2116	4	2116	0.00471429	0	0.00471429	0.00471429	529	254.034	309	749	
3.7	3.75	1	2	3	4	2	2112	2	2112	0.00471429	0	0.00471429	0.00471429	1056	0	1056	1056	
3.7	3.75	1	3	11	4	2	2112	2	2112	0.00471429	0	0.00471429	0.00471429	1056	0	1056	1056	
3.7	3.75	1	4	2	4	2	2112	2	2112	0.00471429	0	0.00471429	0.00471429	1056	0	1056	1056	
3.7	3.75	1	5	15	4	2	2112	2	2112	0.00471429	0	0.00471429	0.00471429	1056	0	1056	1056	
3.7	3.75	1	6	4	4	4	2116	4	2116	0.00471429	0	0.00471429	0.00471429	529	254.034	309	749	
3.7	3.75	1	7	16	4	2	2112	2	2112	0.00471429	0	0.00471429	0.00471429	1056	0	1056	1056	
3.7	3.75	1	8	1	4	4	2116	4	2116	0.00471429	0	0.00471429	0.00471429	529	254.034	309	749	
3.7	3.75	1	9	13	4	2	2112	2	2112	0.00471429	0	0.00471429	0.00471429	1056	0	1056	1056	
3.7	3.75	1	10	14	4	2	2112	2	2112	0.00471429	0	0.00471429	0.00471429	1056	0	1056	1056	
3.75	3.8	1	1	12	4	4	2116	4	2116	0.00471429	0	0.00471429	0.00471429	529	254.034	309	749	
3.75	3.8	1	2	3	4	2	2112	2	2112	0.00471429	0	0.00471429	0.00471429	1056	0	1056	1056	
3.75	3.8	1	3	11	4	2	2112	2	2112	0.00471429	0	0.00471429	0.00471429	1056	0	1056	1056	
3.75	3.8	1	4	2	4	2	2112	2	2112	0.00471429	0	0.00471429	0.00471429	1056	0	1056	1056	
3.75	3.8	1	5	15	4	2	2112	2	2112	0.00471429	0	0.00471429	0.00471429	1056	0	1056	1056	
3.75	3.8	1	6	4	4	4	2116	4	2116	0.00471429	0	0.00471429	0.00471429	529	254.034	309	749	
3.75	3.8	1	7	16	4	2	2112	2	2112	0.00471429	0	0.00471429	0.00471429	1056	0	1056	1056	
3.75	3.8	1	8	1	4	4	2116	4	2116	0.00471429	0	0.00471429	0.00471429	529	254.034	309	749	
3.75	3.8	1	9	13	4	2	2112	2	2112	0.00471429	0	0.00471429	0.00471429	1056	0	1056	1056	
3.75	3.8	1	10	14	4	2	2112	2	2112	0.00471429	0	0.00471429	0.00471429	1056	0	1056	1056	
3.8	3.85	1	1	12	4	4	2116	4	2116	0.00471429	0	0.00471429	0.00471429	529	254.034	309	749	
3.8	3.85	1	2	3	4	2	2112	2	2112	0.00471429	0	0.00471429	0.00471429	1056	0	1056	1056	
3.8	3.85	1	3	11	4	2	2112	2	2112	0.00471429	0	0.00471429	0.00471429	1056	0	1056	1056	
3.8	3.85	1	4	2	4	2	2112	2	2112	0.00471429	0	0.00471429	0.00471429	1056	0	1056	1056	
3.8	3.85	1	5	15	4	2	2112	2	2112	0.00471429	0	0.00471429	0.00471429	1056	0	1056	1056	
3.8	3.85	1	6	4	4	4	2116	4	2116	0.00471429	0	0.00471429	0.00471429	529	254.034	309	749	
3.8	3.85	1	7	16	4	2	2112	2	2112	0.00471429	0	0.00471429	0.00471429	1056	0	1056	1056	
3.8	3.85	1	8	1	4	4	2116	4	2116	0.00471429	0	0.00471429	0.00471429	529	254.034	309	749	
3.8	3.85	1	9	13	4	2	2112	2	2112	0.00471429	0	0.00471429	0.00471429	1056	0	1056	1056	
3.8	3.85	1	10	14	4	2	2112	2	2112	0.00471429	0	0.00471429	0.00471429	1056	0	1056	1056	
3.85	3.9	1	1	12	4	4	2116	4	2116	0.00471429	0	0.00471429	0.00471429	529	254.034	309	749	
3.85	3.9	1	2	3	4	2	2112	2	2112	0.00471429	0	0.00471429	0.00471429	1056	0	1056	1056	
3.85	3.9	1	3	11	4	2	2112	2	2112	0.00471429	0	0.00471429	0.00471429	1056	0	1056	1056	
3.85	3.9	1	4	2	4	2	2112	2	2112	0.00471429	0	0.00471429	0.00471429	1056	0	1056	1056	
3.85	3.9	1	5	15	4	2	2112	2	2112	0.00471429	0	0.00471429	0.00471429	1056	0	1056	1056	
3.85	3.9	1	6	4	4	4	2116	4	2116	0.00471429	0	0.00471429	0.00471429	529	254.034	309	749	
3.85	3.9	1	7	16	4	2	2112	2	2112	0.00471429	0	0.00471429	0.00471429	1056	0	1056	1056	
3.85	3.9	1	8	1	4	4	2116	4	2116	0.00471429	0	0.00471429	0.00471429	529	254.034	309	749	
3.85	3.9	1	9	13	4	2	2112	2	2112	0.00471429	0	0.00471429	0.00471429	1056	0	1056	1056	
3.85	3.9	1	10	14	4	2	2112	2	2112	0.00471429	0	0.00471429	0.00471429	1056	0	1056	1056	
3.9	3.95	1	1	12	4	4	2116	4	2116	0.00471429	0	0.00471429	0.00471429	529	254.034	309	749	
3.9	3.95	1	2	3	4	2	2112	2	2112	0.00471429	0	0.00471429	0.00471429	1056	0	1056	1056	
3.9	3.95	1	3	11	4	2	2112	2	2112	0.00471429	0	0.00471429	0.00471429	1056	0	1056	1056	
3.9	3.95	1	4	2	4	2	2112	2	2112	0.00471429	0	0.00471429	0.00471429	1056	0	1056	1056	
3.9	3.95	1	5	15	4	2	2112	2	2112	0.00471429	0	0.00471429	0.00471429	1056	0	1056	1056	
3.9	3.95	1	6	4	4	4	2116	4	2116	0.00471429	0	0.00471429	0.00471429	529	254.034	309	749	
3.9	3.95	1	7	16	4	2	2112	2	2112	0.00471429	0	0.00471429	0.00471429	1056	0	1056	1056	
3.9	3.95	1	8	1	4	4	2116	4	2116	0.00471429	0	0.00471429	0.00471429	529	254.034	309	749	
3.9	3.95	1	9	13	4	2	2112	2	2112	0.00471429	0	0.00471429	0.00471429	1056	0	1056	1056	
3.9	3.95	1	10	14	4	2	2112	2	2112	0.00471429	0	0.00471429	0.00471429	1056	0	1056	1056	
3.95	4	1	1	12	4	4	2116	4	2116	0.00471429	0	0.00471429	0.00471429	529	254.034	309	749	
3.95	4	1	2	3	4	2	2112	2	2112	0.00471429	0	0.00471429	0.00471429	1056	0	1056	1056	
3.95	4	1	3	11	4	2	2112	2	2112	0.00471429	0	0.00471429	0.00471429	1056	0	1056	1056	
3.95	4	1	4	2	4	2	2112	2	2112	0.00471429	0	0.00471429	0.00471429	1056	0	1056	1056	
3.95	4	1	5	15	4	2	2112	2	2112	0.00471429	0	0.00471429	0.00471429	1056	0	1056	1056	
3.95	4	1	6	4	4	4	2116	4	2116	0.00471429	0	0.00471429	0.00471429	529	254.034	309	749	
3.95	4	1	7	16	4	2	2112	2	2112	0.00471429	0	0.00471429	0.00471429	1056	0	1056	1056	
3.95	4	1	8	1	4	4	2116	4	2116	0.00471429	0	0.00471429	0.00471429	529	254.034	309	749	
3.95	4	1	9	13	4	2	2112	2	2112	0.00471429	0	0.00471429	0.00471429	1056	0	1056	1056	
3.95	4	1	10	14	4	2	2112	2	2112	0.00471429	0	0.00471429	0.00471429	1056	0	1056	1056	
4	4.05	1	1	12	4	4	2116	4	2116	0.00471429	0	0.00471429	0.00471429	529	254.034	309	749	
4	4.05	1	2	3	4	2	2112	2	2112	0.00471429	0	0.00471429	0.00471429	1056	0	1056	1056	
4	4.05	1	3	11	4	2	2112	2	2112	0.00471429	0	0.00471429	0.00471429	1056	0	1056	1056	
4	4.05	1	4	2	4	2	2112	2	2112	0.00471429	0	0.00471429	0.00471429	1056	0	1056	1056	
4	4.05	1	5	15	4	2	2112	2	2112	0.00471429	0	0.00471429	0.00471429	1056	0	1056	1056	
4	4.05	1	6	4	4	4	2116	4	2116	0.00471429	0	0.00471429	0.00471429	529	254.034	309	749	
4	4.05	1	7	16	4	2	2112	2	2112	0.00471429	0	0.00471429	0.00471429	1056	0	1056	1056	
4	4.05	1	8	1	4	4	2116	4	2116	0.00471429	0	0.00471429	0.00471429	529	254.034	309	749	
4	4.05	1	9	13	4	2	2112	2	2112	0.00471429	0	0.00471429	0.00471429	1056	0	1056	1056	
4	4.05	1	10	14	4	2	2112	2	2112	0.00471429	0	0.00471429	0.00471429	1056	0	1056	1056	
4.05	4.1	1	1	12	4	4	2116	4	2116	0.00471429	0	0.00471429	0.00471429	529	254.034	309	749	
4.05	4.1	1	2	3	4	2	2112	2	2112	0.00471429	0	0.00471429	0.00471429	1056	0	1056	1056	
4.05	4.1	1	3	11	4	2	2112	2	2112	0.00471429	0	0.00471429	0.00471429	1056	0	1056	1056	
4.05	4.1	1	4	2	4	2	2112	2	2112	0.00471429	0	0.00471429	0.00471429	1056	0	1056	1056	
4.05	4.1	1	5	15	4	2	2112	2	2112	0.00471429	0	0.00471429	0.00471429	1056	0	1056	1056	
4.05	4.1	1	6	4	4	4	2116	4	2116	0.00471429	0	0.00471429	0.00471429	529	254.034	309	749	
4.05	4.1	1	7	16	4	2	2112	2	2112	0.00471429	0	0.00471429	0.00471429	1056	0	1056	1056	
4.05	4.1	1	8	1	4	4	2116	4	2116	0.00471429	0	0.00471429	0.00471429	529	254.034	309	749	
4.05	4.1	1	9	13	4	2	2112	2	2112	0.00471429	0	0.00471429	0.00471429	1056	0	1056	1056	
4.05	4.1	1	10	14	4	2	2112	2	2112	0.00471429	0	0.00471429	0.00471429	1056	0	1056	1056	
4.1	4.15	1	1	12	4	4	2116	4	2116	0.00471429	0	0.00471429	0.00471429	529	254.034	309	749	
4.1	4.15	1	2	3	4	2	2112	2	2112	0.00471429	0	0.00471429	0.00471429	1056	0	1056	1056	
4.1	4.15	1	3	11	4	2	2112	2	2112	0.00471429	0	0.00471429	0.00471429	1056	0	1056	1056	
4.1	4.15	1	4	2	4	2	2112	2	2112	0.00471429	0	0.00471429	0.00471429	1056	0	1056	1056	
4.1	4.15	1	5	15	4	2	2112	2	2112	0.00471429	0	0.00471429	0.00471429	1056	0	1056	1056	
4.1	4.15	1	6	4	4	4	2116	4	2116	0.00471429	0	0.00471429	0.00471429	529	254.034	309	749	
4.1	4.15	1	7	16	4	2	2112	2	2112	0.00471429	0	0.00471429	0.00471429	1056	0	1056	1056	
4.1	4.15	1	8	1	4	4	2116	4	2116	0.00471429	0	0.00471429	0.00471429	529	254.034	309	749	
4.1	4.15	1	9	13	4	2	2112	2	2112	0.00471429	0	0.00471429	0.00471429	1056	0	1056	1056	
4.1	4.15	1	10	14	4	2	2112	2	2112	0.00471429	0	0.00471429	0.00471429	1056	0	1056	1056	
4.15	4.2	1	1	12	4	4	2116	4	2116	0.00471429	0	0.00471429	0.00471429	529	254.034	309	749	
4.15	4.2	1	2	3	4	2	2112	2	2112	0.00471429	0	0.00471429	0.00471429	1056	0	1056	1056	
4.15	4.2	1	3	11	4	2	2112	2	2112	0.00471429	0	0.00471429	0.00471429	1056	0	1056	1056	
4.15	4.2	1	4	2	4	2	2112	2	2112	0.00471429	0	0.00471429	0.00471429	1056	0	1056	1056	
4.15	4.2	1	5	15	4	2	2112	2	2112	0.00471429	0	0.00471429	0.00471429	1056	0	1056	1056	
4.15	4.2	1	6	4	4	4	2116	4	2116	0.00471429	0	0.00471429	0.00471429	529	254.034	309	749	
4.15	4.2	1	7	16	4	2	2112	2	2112	0.00471429	0	0.00471429	0.00471429	1056	0	1056	1056	
4.15	4.2	1	8	1	4	4	2116	4	2116	0.00471429	0	0.00471429	0.00471429	529	254.034	309	749	
4.15	4.2	1	9	13	4	2	2112	2	2112	0.00471429	0	0.00471429	0.00471429	1056	0	1056	1056	
4.15	4.2	1	10	14	4	2	2112	2	2112	0.00471429	0	0.00471429	0.00471429	1056	0	1056	1056	
4.2	4.25	1	1	12	4	4	2116	4	2116	0.00471429	0	0.00471429	0.00471429	529	254.034	309	749	
4.2	4.25	1	2	3	4	2	2112	2	2112	0.00471429	0	0.00471429	0.00471429	1056	0	1056	1056	
4.2	4.25	1	3	11	4	2	2112	2	2112	0.00471429	0	0.00471429	0.00471429	1056	0	1056	1056	
4.2	4.25	1	4	2	4	2	2112	2	2112	0.00471429	0	0.00471429	0.00471429	1056	0	1056	1056	
4.2	4.25	1	5	15	4	2	2112	2	2112	0.00471429	0	0.00471429	0.00471429	1056	0	1056	1056	
4.2	4.25	1	6	4	4	4	2116	4	2116	0.00471429	0	0.00471429	0.00471429	529	254.034	309	749	
4.2	4.25	1	7	16	4	2	2112	2	2112	0.00471429	0	0.00471429	0.00471429	1056	0	1056	1056	
4.2	4.25	1	8	1	4	4	2116	4	2116	0.00471429	0	0.00471429	0.00471429	529	254.034	309	749	
4.2	4.25	1	9	13	4	2	2112	2	2112	0.00471429	0	0.00471429	0.00471429	1056	0	1056	1056	
4.2	4.25	1	10	14	4	2	2112	2	2112	0.00471429	0	0.00471429	0.00471429	1056	0	1056	1056	
4.25	4.3	1	1	12	4	4	2116	4	2116	0.00471429	0	0.00471429	0.00471429	529	254.034	309	749	
4.25	4.3	1	2	3	4	2	2112	2	2112	0.00471429	0	0.00471429	0.00471429	1056	0	1056	1056	
4.25	4.3	1	3	11	4	2	2112	2	2112	0.00471429	0	0.00471429	0.00471429	1056	0	1056	1056	
4.25	4.3	1	4	2	4	2	2112	2	2112	0.00471429	0	0.00471429	0.00471429	1056	0	1056	1056	
4.25	4.3	1	5	15	4	2	2112	2	2112	0.00471429	0	0.00471429	0.00471429	1056	0	1056	1056	
4.25	4.3	1	6	4	4	4	2116	4	2116	0.00471429	0	0.00471429	0.00471429	529	254.034	309	749	
4.25	4.3	1	7	16	4	2	2112	2	2112	0.00471429	0	0.00471429	0.00471429	1056	0	1056	1056	
4.25	4.3	1	8	1	4	4	2116	4	2116	0.00471429	0	0.00471429	0.00471429	529	254.034	309	749	
4.25	4.3	1	9	13	4	2	2112	2	2112	0.00471429	0	0.00471429	0.00471429	1056	0	1056	1056	
4.25	4.3	1	10	14	4	2	2112	2	2112	0.00471429	0	0.00471429	0.00471429	1056	0	1056	1056	
4.3	4.35	1	1	12	4	4	2116	4	2116	0.00471429	0	0.00471429	0.00471429	529	254.034	309	749	
4.3	4.35	1	2	3	4	2	2112	2	2112	0.00471429	0	0.00471429	0.00471429	1056	0	1056	1056	
4.3	4.35	1	3	11	4	2	2112	2	2112	0.00471429	0	0.00471429	0.00471429	1056	0	1056	1056	
4.3	4.35	1	4	2	4	2	2112	2	2112	0.00471429	0	0.00471429	0.00471429	1056	0	1056	1056	
4.3	4.35	1	5	15	4	2	2112	2	2112	0.00471429	0	0.00471429	0.00471429	1056	0	1056	1056	
4.3	4.35	1	6	4	4	4	2116	4	2116	0.00471429	0	0.00471429	0.00471429	529	254.034	309	749	
4.3	4.35	1	7	16	4	2	2112	2	2112	0.00471429	0	0.00471429	0.00471429	1056	0	1056	1056	
4.3	4.35	1	8	1	4	4	2116	4	2116	0.00471429	0	0.00471429	0.00471429	529	254.034	309	749	
4.3	4.35	1	9	13	4	2	2112	2	2112	0.00471429	0	0.00471429	0.00471429	1056	0	1056	1056	
4.3	4.35	1	10	14	4	2	2112	2	2112	0.00471429	0	0.00471429	0.00471429	1056	0	1056	1056	
4.35	4.4	1	1	12	4	4	2116	4	2116	0.00471429	0	0.00471429	0.00471429	529	254.034	309	749	
4.35	4.4	1	2	3	4	2	2112	2	2112	0.00471429	0	0.00471429	0.00471429	1056	0	1056	1056	
4.35	4.4	1	3	11	4	2	2112	2	2112	0.00471429	0	0.00471429	0.00471429	1056	0	1056	1056	
4.35	4.4	1	4	2	4	2	2112	2	2112	0.00471429	0	0.00471429	0.00471429	1056	0	1056	1056	
4.35	4.4	1	5	15	4	2	2112	2	2112	0.00471429	0	0.00471429	0.00471429	1056	0	1056	1056	
4.35	4.4	1	6	4	4	4	2116	4	2116	0.00471429	0	0.00471429	0.00471429	529	254.034	309	749	
4.35	4.4	1	7	16	4	2	2112	2	2112	0.00471429	0	0.00471429	0.00471429	1056	0	1056	1056	
4.35	4.4	1	8	1	4	4	2116	4	2116	0.00471429	0	0.00471429	0.00471429	529	254.034	309	749	
4.35	4.4	1	9	13	4	2	2112	2	2112	0.00471429	0	0.00471429	0.00471429	1056	0	1056	1056	
4.35	4.4	1	10	14	4	2	2112	2	2112	0.00471429	0	0.00471429	0.00471429	1056	0	1056	1056	
4.4	4.45	1	1	12	4	4	2116	4	2116	0.00471429	0	0.00471429	0.00471429	529	254.034	309	749	
4.4	4.45	1	2	3	4	2	2112	2	2112	0.00471429	0	0.00471429	0.00471429	1056	0	1056	1056	
4.4	4.45	1	3	11	4	2	2112	2	2112	0.00471429	0	0.00471429	0.00471429	1056	0	1056	1056	
4.4	4.45	1	4	2	4	2	2112	2	2112	0.00471429	0	0.00471429	0.00471429	1056	0	1056	1056	
4.4	4.45	1	5	15	4	2	2112	2	2112	0.00471429	0	0.00471429	0.00471429	1056	0	1056	1056	
4.4	4.45	1	6	4	4	4	2116	4	2116	0.00471429	0	0.00471429	0.00471429	529	254.034	309	749	
4.4	4.45	1	7	16	4	2	2112	2	2112	0.00471429	0	0.00471429	0.00471429	1056	0	1056	1056	
4.4	4.45	1	8	1	4	4	2116	4	2116	0.00471429	0	0.00471429	0.00471429	529	254.034	309	749	
4.4	4.45	1	9	13	4	2	2112	2	2112	0.00471429	0	0.00471429	0.00471429	1056	0	1056	1056	
4.4	4.45	1	10	14	4	2	2112	2	2112	0.00471429	0	0.00471429	0.00471429	1056	0	1056	1056	
4.45	4.5	1	1	12	4	4	2116	4	2116	0.00471429	0	0.00471429	0.00471429	529	254.034	309	749	
4.45	4.5	1	2	3	4	2	2112	2	2112	0.00471429	0	0.00471429	0.00471429	1056	0	1056	1056	
4.45	4.5	1	3	11	4	2	2112	2	2112	0.00471429	0	0.00471429	0.00471429	1056	0	1056	1056	
4.45	4.5	1	4	2	4	2	2112	2	2112	0.00471429	0	0.00471429	0.00471429	1056	0	1056	1056	
4.45	4.5	1	5	15	4	2	2112	2	2112	0.00471429	0	0.00471429	0.00471429	1056	0	1056	1056	
4.45	4.5	1	6	4	4	4	2116	4	2116	0.00471429	0	0.00471429	0.00471429	529	254.034	309	749	
4.45	4.5	1	7	16	4	2	2112	2	2112	0.00471429	0	0.00471429	0.00471429	1056	0	1056	1056	
4.45	4.5	1	8	1	4	4	2116	4	2116	0.00471429	0	0.00471429	0.00471429	529	254.034	309	749	
4.45	4.5	1	9	13	4	2	2112	2	2112	0.00471429	0	0.00471429	0.00471429	1056	0	1056	1056	
4.45	4.5	1	10	14	4	2	2112	2	2112	0.00471429	0	0.00471429	0.00471429	1056	0	1056	1056	
4.5	4.55	1	1	12	4	4	2116	4	2116	0.00471429	0	0.00471429	0.00471429	529	254.034	309	749	
4.5	4.55	1	2	3	4	2	2112	2	2112	0.00471429	0	0.00471429	0.00471429	1056	0	1056	1056	
4.5	4.55	1	3	11	4	2	2112	2	2112	0.00471429	0	0.00471429	0.00471429	1056	0	1056	1056	
4.5	4.55	1	4	2	4	2	2112	2	2112	0.00471429	0	0.00471429	0.00471429	1056	0	1056	1056	
4.5	4.55	1	5	15	4	2	2112	2	2112	0.00471429	0	0.00471429	0.00471429	1056	0	1056	1056	
4.5	4.55	1	6	4	4	4	2116	4	2116	0.00471429	0	0.00471429	0.00471429	529	254.034	309	749	
4.5	4.55	1	7	16	4	2	2112	2	2112	0.00471429	0	0.00471429	0.00471429	1056	0	1056	1056	
4.5	4.55	1	8	1	4	4	2116	4	2116	0.00471429	0	0.00471429	0.00471429	529	254.034	309	749	
4.5	4.55	1	9	13	4	2	2112	2	2112	0.00471429	0	0.00471429	0.00471429	1056	0	1056	1056	
4.5	4.55	1	10	14	4	2	2112	2	2112	0.00471429	0	0.00471429	0.00471429	1056	0	1056	1056	
4.55	4.6	1	1	12	4	4	2116	4	2116	0.00471429	0	0.00471429	0.00471429	529	254.034	309	749	
4.55	4.6	1	2	3	4	2	2112	2	2112	0.00471429	0	0.00471429	0.00471429	1056	0	1056	1056	
4.55	4.6	1	3	11	4	2	2112	2	2112	0.00471429	0	0.00471429	0.00471429	1056	0	1056	1056	
4.55	4.6	1	4	2	4	2	2112	2	2112	0.00471429	0	0.00471429	0.00471429	1056	0	1056	1056	
4.55	4.6	1	5	15	4	2	2112	2	2112	0.00471429	0	0.00471429	0.00471429	1056	0	1056	1056	
4.55	4.6	1	6	4	4	4	2116	4	2116	0.00471429	0	0.00471429	0.00471429	529	254.034	309	749	
4.55	4.6	1	7	16	4	2	2112	2	2112	0.00471429	0	0.00471429	0.00471429	1056	0	1056	1056	
4.55	4.6	1	8	1	4	4	2116	4	2116	0.00471429	0	0.00471429	0.00471429	529	254.034	309	749	
4.55	4.6	1	9	13	4	2	2112	2	2112	0.00471429	0	0.00471429	0.00471429	1056	0	1056	1056	
4.55	4.6	1	10	14	4	2	2112	2	2112	0.00471429	0	0.00471429	0.00471429	1056	0	1056	1056	
4.6	4.65	1	1	12	4	4	2116	4	2116	0.00471429	0	0.00471429	0.00471429	529	254.034	309	749	
4.6	4.65	1	2	3	4	2	2112	2	2112	0.00471429	0	0.00471429	0.00471429	1056	0	1056	1056	
4.6	4.65	1	3	11	4	2	2112	2	2112	0.00471429	0	0.00471429	0.00471429	1056	0	1056	1056	
4.6	4.65	1	4	2	4	2	2112	2	2112	0.00471429	0	0.00471429	0.00471429	1056	0	1056	1056	
4.6	4.65	1	5	15	4	2	2112	2	2112	0.00471429	0	0.00471429	0.00471429	1056	0	1056	1056	
4.6	4.65	1	6	4	4	4	2116	4	2116	0.00471429	0	0.00471429	0.00471429	529	254.034	309	749	
4.6	4.65	1	7	16	4	2	2112	2	2112	0.00471429	0	0.00471429	0.00471429	1056	0	1056	1056	
4.6	4.65	1	8	1	4	4	2116	4	2116	0.00471429	0	0.00471429	0.00471429	529	254.034	309	749	
4.6	4.65	1	9	13	4	2	2112	2	2112	0.00471429	0	0.00471429	0.00471429	1056	0	1056	1056	
4.6	4.65	1	10	14	4	2	2112	2	2112	0.00471429	0	0.00471429	0.00471429	1056	0	1056	1056	
4.65	4.7	1	1	12	4	4	2116	4	2116	0.00471429	0	0.00471429	0.00471429	529	254.034	309	749	
4.65	4.7	1	2	3	4	2	2112	2	2112	0.00471429	0	0.00471429	0.00471429	1056	0	1056	1056	
4.65	4.7	1	3	11	4	2	2112	2	2112	0.00471429	0	0.00471429	0.00471429	1056	0	1056	1056	
4.65	4.7	1	4	2	4	2	2112	2	2112	0.00471429	0	0.00471429	0.00471429	1056	0	1056	1056	
4.65	4.7	1	5	15	4	2	2112	2	2112	0.00471429	0	0.00471429	0.00471429	1056	0	1056	1056	
4.65	4.7	1	6	4	4	4	2116	4	2116	0.00471429	0	0.00471429	0.00471429	529	254.034	309	749	
4.65	4.7	1	7	16	4	2	2112	2	2112	0.00471429	0	0.00471429	0.00471429	1056	0	1056	1056	
4.65	4.7	1	8	1	4	4	2116	4	2116	0.00471429	0	0.00471429	0.00471429	529	254.034	309	749	
4.65	4.7	1	9	13	4	2	2112	2	2112	0.00471429	0	0.00471429	0.00471429	1056	0	1056	1056	
4.65	4.7	1	10	14	4	2	2112	2	2112	0.00471429	0	0.00471429	0.00471429	1056	0	1056	1056	
4.7	4.75	1	1	12	4	4	2116	4	2116	0.00471429	0	0.00471429	0.00471429	529	254.034	309	749	
4.7	4.75	1	2	3	4	2	2112	2	2112	0.00471429	0	0.00471429	0.00471429	1056	0	1056	1056	
4.7	4.75	1	3	11	4	2	2112	2	2112	0.00471429	0	0.00471429	0.00471429	1056	0	1056	1056	
4.7	4.75	1	4	2	4	2	2112	2	2112	0.00471429	0	0.00471429	0.00471429	1056	0	1056	1056	
4.7	4.75	1	5	15	4	2	2112	2	2112	0.00471429	0	0.00471429	0.00471429	1056	0	1056	1056	
4.7	4.75	1	6	4	4	4	2116	4	2116	0.00471429	0	0.00471429	0.00471429	529	254.034	309	749	
4.7	4.75	1	7	16	4	2	2112	2	2112	0.00471429	0	0.00471429	0.00471429	1056	0	1056	1056	
4.7	4.75	1	8	1	4	4	2116	4	2116	0.00471429	0	0.00471429	0.00471429	529	254.034	309	749	
4.7	4.75	1	9	13	4	2	2112	2	2112	0.00471429	0	0.00471429	0.00471429	1056	0	1056	1056	
4.7	4.75	1	10	14	4	2	2112	2	2112	0.00471429	0	0.00471429	0.00471429	1056	0	1056	1056	
4.75	4.8	1	1	12	4	4	2116	4	2116	0.00471429	0	0.00471429	0.00471429	529	254.034	309	749	
4.75	4.8	1	2	3	4	2	2112	2	2112	0.00471429	0	0.00471429	0.00471429	1056	0	1056	1056	
4.75	4.8	1	3	11	4	2	2112	2	2112	0.00471429	0	0.00471429	0.00471429	1056	0	1056	1056	
4.75	4.8	1	4	2	4	2	2112	2	2112	0.00471429	0	0.00471429	0.00471429	1056	0	1056	1056	
4.75	4.8	1	5	15	4	2	2112	2	2112	0.00471429	0	0.00471429	0.00471429	1056	0	1056	1056	
4.75	4.8	1	6	4	4	4	2116	4	2116	0.00471429	0	0.00471429	0.00471429	529	254.034	309	749	
4.75	4.8	1	7	16	4	2	2112	2	2112	0.00471429	0	0.00471429	0.00471429	1056	0	1056	1056	
4.75	4.8	1	8	1	4	4	2116	4	2116	0.00471429	0	0.00471429	0.00471429	529	254.034	309	749	
4.75	4.8	1	9	13	4	2	2112	2	2112	0.00471429	0	0.00471429	0.00471429	1056	0	1056	1056	
4.75	4.8	1	10	14	4	2	2112	2	2112	0.00471429	0	0.00471429	0.00471429	1056	0	1056	1056	
4.8	4.85	1	1	12	4	4	2116	4	2116	0.00471429	0	0.00471429	0.00471429	529	254.034	309	749	
4.8	4.85	1	2	3	4	2	2112	2	2112	0.00471429	0	0.00471429	0.00471429	1056	0	1056	1056	
4.8	4.85	1	3	11	4	2	2112	2	2112	0.00471429	0	0.00471429	0.00471429	1056	0	1056	1056	
4.8	4.85	1	4	2	4	2	2112	2	2112	0.00471429	0	0.00471429	0.00471429	1056	0	1056	1056	
4.8	4.85	1	5	15	4	2	2112	2	2112	0.00471429	0	0.00471429	0.00471429	1056	0	1056	1056	
4.8	4.85	1	6	4	4	4	2116	4	2116	0.00471429	0	0.00471429	0.00471429	529	254.034	309	749	
4.8	4.85	1	7	16	4	2	2112	2	2112	0.00471429	0	0.00471429	0.00471429	1056	0	1056	1056	
4.8	4.85	1	8	1	4	4	2116	4	2116	0.00471429	0	0.00471429	0.00471429	529	254.034	309	749	
4.8	4.85	1	9	13	4	2	2112	2	2112	0.00471429	0	0.00471429	0.00471429	1056	0	1056	1056	
4.8	4.85	1	10	14	4	2	2112	2	2112	0.00471429	0	0.00471429	0.00471429	1056	0	1056	1056	
4.85	4.9	1	1	12	4	4	2116	4	2116	0.00471429	0	0.00471429	0.00471429	529	254.034	309	749	
4.85	4.9	1	2	3	4	2	2112	2	2112	0.00471429	0	0.00471429	0.00471429	1056	0	1056	1056	
4.85	4.9	1	3	11	4	2	2112	2	2112	0.00471429	0	0.00471429	0.00471429	1056	0	1056	1056	
4.85	4.9	1	4	2	4	2	2112	2	2112	0.00471429	0	0.00471429	0.00471429	1056	0	1056	1056	
4.85	4.9	1	5	15	4	2	2112	2	2112	0.00471429	0	0.00471429	0.00471429	1056	0	1056	1056	
4.85	4.9	1	6	4	4	4	2116	4	2116	0.00471429	0	0.00471429	0.00471429	529	254.034	309	749	
4.85	4.9	1	7	16	4	2	2112	2	2112	0.00471429	0	0.00471429	0.00471429	1056	0	1056	1056	
4.85	4.9	1	8	1	4	4	2116	4	2116	0.00471429	0	0.00471429	0.00471429	529	254.034	309	749	
4.85	4.9	1	9	13	4	2	2112	2	2112	0.00471429	0	0.00471429	0.00471429	1056	0	1056	1056	
4.85	4.9	1	10	14	4	2	2112	2	2112	0.00471429	0	0.00471429	0.00471429	1056	0	1056	1056	
4.9	4.95	1	1	12	4	4	2116	4	2116	0.00471429	0	0.00471429	0.00471429	529	254.034	309	749	
4.9	4.95	1	2	3	4	2	2112	2	2112	0.00471429	0	0.00471429	0.00471429	1056	0	1056	1056	
4.9	4.95	1	3	11	4	2	2112	2	2112	0.00471429	0	0.00471429	0.00471429	1056	0	1056	1056	
4.9	4.95	1	4	2	4	2	2112	2	2112	0.00471429	0	0.00471429	0.00471429	1056	0	1056	1056	
4.9	4.95	1	5	15	4	2	2112	2	2112	0.00471429	0	0.00471429	0.00471429	1056	0	1056	1056	
4.9	4.95	1	6	4	4	4	2116	4	2116	0.00471429	0	0.00471429	0.00471429	529	254.034	309	749	
4.9	4.95	1	7	16	4	2	2112	2	2112	0.00471429	0	0.00471429	0.00471429	1056	0	1056	1056	
4.9	4.95	1	8	1	4	4	2116	4	2116	0.00471429	0	0.00471429	0.00471429	529	254.034	309	749	
4.9	4.95	1	9	13	4	2	2112	2	2112	0.00471429	0	0.00471429	0.00471429	1056	0	1056	1056	
4.9	4.95	1	10	14	4	2	2112	2	2112	0.00471429	0	0.00471429	0.00471429	1056	0	1056	1056	
4.95	5	1	1	12	4	4	2116	4	2116	0.00471429	0	0.00471429	0.00471429	529	254.034	309	749	
4.95	5	1	2	3	4	2	2112	2	2112	0.00471429	0	0.00471429	0.00471429	1056	0	1056	1056	
4.95	5	1	3	11	4	2	2112	2	2112	0.00471429	0	0.00471429	0.00471429	1056	0	1056	1056	
4.95	5	1	4	2	4	2	2112	2	2112	0.00471429	0	0.00471429	0.00471429	1056	0	1056	1056	
4.95	5	1	5	15	4	2	2112	2	2112	0.00471429	0	0.00471429	0.00471429	1056	0	1056	1056	
4.95	5	1	6	4	4	4	2116	4	2116	0.00471429	0	0.00471429	0.00471429	529	254.034	309	749	
4.95	5	1	7	16	4	2	2112	2	2112	0.00471429	0	0.00471429	0.00471429	1056	0	1056	1056	
4.95	5	1	8	1	4	4	2116	4	2116	0.00471429	0	0.00471429	0.00471429	529	254.034	309	749	
4.95	5	1	9	13	4	2	2112	2	2112	0.00471429	0	0.00471429	0.00471429	1056	0	1056	1056	
4.95	5	1	10	14	4	2	2112	2	2112	0.00471429	0	0.00471429	0.00471429	1056	0	1056	1056	
5	5.05	1	2	3	4	1	1056	1	1056	0.00471429	0	0.00471429	0.00471429	1056	0	1056	1056	
5	5.05	1	5	15	4	1	1056	1	1056	0.00471429	0	0.00471429	0.00471429	1056	0	1056	1056	
5	5.05	1	7	16	4	1	1056	1	1056	0.00471429	0	0.00471429	0.00471429	1056	0	1056	1056	
5	5.05	1	9	13	4	1	1056	1	1056	0.00471429	0	0.00471429	0.00471429	1056	0	1056	1056	
5	5.05	1	4	2	4	0	0	1	1056	0.00471429	0	0.00471429	0.00471429	1056	0	1056	1056	
