simTime	ueIndex	cellIndex	bitrateDemand	rsrq	newDataRatio	nrUeForDemandType0	nrUeForDemandType1	nrUeForDemandType2	nrUeForDemandType3	nrUeForDemandType4	mcs	qoeScore	
1.025	0	22	100000.0	-6.644	0.781	2.0	0.0	4.0	2.0	6.0	9.231	0.998093	
1.050	1	22	300000.0	-5.731	0.781	2.0	0.0	4.0	2.0	6.0	9.882	0.999227	
1.075	2	24	500000.0	-8.281	0.861	1.0	0.0	0.0	3.0	4.0	7.000	0.999074	
1.100	3	22	1000000.0	-6.415	0.781	2.0	0.0	4.0	2.0	6.0	8.389	0.593912	
1.125	4	27	1000000.0	-9.215	0.807	0.0	0.0	0.0	0.0	2.0	6.759	0.907199	
1.150	5	21	100000.0	-8.745	0.333	2.0	0.0	1.0	0.0	0.0	28.000	0.004070	
1.175	6	22	300000.0	-8.462	0.781	2.0	0.0	4.0	2.0	6.0	5.769	0.971980	
1.200	7	25	500000.0	-8.090	0.773	0.0	0.0	1.0	1.0	2.0	14.230	0.998093	
1.225	8	26	1000000.0	-9.045	0.677	1.0	0.0	0.0	1.0	1.0	7.637	0.223013	
1.250	9	27	1000000.0	-7.109	0.807	0.0	0.0	0.0	0.0	2.0	9.827	0.997716	
1.275	10	24	100000.0	-6.182	0.861	1.0	0.0	0.0	3.0	4.0	10.500	0.999227	
1.300	11	22	300000.0	-7.876	0.781	2.0	0.0	4.0	2.0	6.0	6.054	0.998956	
1.325	12	24	500000.0	-4.619	0.861	1.0	0.0	0.0	3.0	4.0	12.381	0.998891	
1.350	13	22	1000000.0	-7.910	0.781	2.0	0.0	4.0	2.0	6.0	6.765	0.132224	
1.375	14	24	1000000.0	-9.246	0.861	1.0	0.0	0.0	3.0	4.0	2.928	0.024346	
1.400	15	22	100000.0	-7.347	0.781	2.0	0.0	4.0	2.0	6.0	9.692	0.998093	
1.425	16	25	300000.0	-7.172	0.773	0.0	0.0	1.0	1.0	2.0	12.824	0.999227	
1.450	17	22	500000.0	-8.760	0.781	2.0	0.0	4.0	2.0	6.0	7.538	0.733687	
1.475	18	24	1000000.0	-6.902	0.861	1.0	0.0	0.0	3.0	4.0	8.400	0.998891	
1.500	19	24	1000000.0	-6.945	0.861	1.0	0.0	0.0	3.0	4.0	8.263	0.998408	
1.525	20	21	100000.0	-8.706	0.333	2.0	0.0	1.0	0.0	0.0	28.000	0.004070	
1.550	21	14	300000.0	-7.272	1.000	0.0	0.0	1.0	0.0	0.0	28.000	0.998956	
1.575	22	16	500000.0	-8.364	1.000	0.0	0.0	0.0	1.0	0.0	28.000	0.999227	
1.600	23	25	1000000.0	-6.962	0.773	0.0	0.0	1.0	1.0	2.0	11.750	0.994858	
1.625	24	12	1000000.0	-7.549	1.000	0.0	0.0	0.0	0.0	1.0	28.000	0.998891	
1.650	25	23	100000.0	-6.659	0.404	2.0	0.0	1.0	0.0	0.0	20.889	0.999227	
1.675	26	21	300000.0	-9.278	0.333	2.0	0.0	1.0	0.0	0.0	17.471	0.004070	
1.700	27	22	500000.0	-8.085	0.781	2.0	0.0	4.0	2.0	6.0	12.105	0.980320	
1.725	28	22	1000000.0	-7.050	0.781	2.0	0.0	4.0	2.0	6.0	8.848	0.504576	
1.750	29	22	1000000.0	-8.530	0.781	2.0	0.0	4.0	2.0	6.0	10.526	0.104067	
1.775	30	23	100000.0	-6.926	0.404	2.0	0.0	1.0	0.0	0.0	25.500	0.696879	
1.800	31	22	300000.0	-5.336	0.781	2.0	0.0	4.0	2.0	6.0	11.600	0.998956	
1.825	32	26	500000.0	-6.911	0.677	1.0	0.0	0.0	1.0	1.0	11.705	0.998671	
1.850	33	22	1000000.0	-7.399	0.781	2.0	0.0	4.0	2.0	6.0	10.143	0.414947	
1.875	34	22	1000000.0	-6.357	0.781	2.0	0.0	4.0	2.0	6.0	9.150	0.798229	
1.900	35	26	100000.0	-8.670	0.677	1.0	0.0	0.0	1.0	1.0	12.923	0.273527	
1.925	36	23	300000.0	-9.066	0.404	2.0	0.0	1.0	0.0	0.0	16.579	0.024346	
1.950	37	24	500000.0	-4.532	0.861	1.0	0.0	0.0	3.0	4.0	14.114	0.998891	
1.975	38	24	1000000.0	-7.648	0.861	1.0	0.0	0.0	3.0	4.0	7.186	0.943890	
2.000	39	25	1000000.0	-5.736	0.773	0.0	0.0	1.0	1.0	2.0	14.810	0.998987	
2.025	0	22	100000.0	-6.644	0.783	2.0	0.0	4.0	2.0	6.0	8.357	0.999227	
2.050	1	22	300000.0	-5.731	0.783	2.0	0.0	4.0	2.0	6.0	9.884	0.998956	
2.075	2	24	500000.0	-8.281	0.863	1.0	0.0	0.0	3.0	4.0	7.755	0.986213	
2.100	3	22	1000000.0	-6.415	0.783	2.0	0.0	4.0	2.0	6.0	8.107	0.657360	
2.125	4	27	1000000.0	-9.215	0.804	0.0	0.0	0.0	0.0	2.0	6.286	0.938902	
2.150	5	21	100000.0	-8.745	0.328	2.0	0.0	1.0	0.0	0.0	28.000	0.004070	
2.175	6	22	300000.0	-8.462	0.783	2.0	0.0	4.0	2.0	6.0	4.806	0.971980	
2.200	7	25	500000.0	-8.090	0.777	0.0	0.0	1.0	1.0	2.0	12.434	0.994374	
2.225	8	26	1000000.0	-9.045	0.676	1.0	0.0	0.0	1.0	1.0	7.474	0.414947	
2.250	9	27	1000000.0	-7.109	0.804	0.0	0.0	0.0	0.0	2.0	9.942	0.999462	
2.275	10	24	100000.0	-6.182	0.863	1.0	0.0	0.0	3.0	4.0	9.217	0.998093	
2.300	11	22	300000.0	-7.876	0.783	2.0	0.0	4.0	2.0	6.0	6.029	0.998093	
2.325	12	24	500000.0	-4.619	0.863	1.0	0.0	0.0	3.0	4.0	11.587	0.999074	
2.350	13	22	1000000.0	-7.910	0.783	2.0	0.0	4.0	2.0	6.0	7.410	0.154398	
2.375	14	24	1000000.0	-9.246	0.863	1.0	0.0	0.0	3.0	4.0	2.839	0.029035	
2.400	15	22	100000.0	-7.347	0.783	2.0	0.0	4.0	2.0	6.0	8.429	0.995301	
2.425	16	25	300000.0	-7.172	0.777	0.0	0.0	1.0	1.0	2.0	12.794	0.998956	
2.450	17	22	500000.0	-8.760	0.783	2.0	0.0	4.0	2.0	6.0	8.930	0.571922	
2.475	18	24	1000000.0	-6.902	0.863	1.0	0.0	0.0	3.0	4.0	8.065	0.998546	
2.500	19	24	1000000.0	-6.945	0.863	1.0	0.0	0.0	3.0	4.0	7.974	0.998546	
2.525	20	21	100000.0	-8.706	0.328	2.0	0.0	1.0	0.0	0.0	28.000	0.004070	
2.550	21	14	300000.0	-7.272	1.000	0.0	0.0	1.0	0.0	0.0	28.000	0.998956	
2.575	22	16	500000.0	-8.364	1.000	0.0	0.0	0.0	1.0	0.0	28.000	0.999227	
2.600	23	25	1000000.0	-6.962	0.777	0.0	0.0	1.0	1.0	2.0	11.701	0.999762	
2.625	24	12	1000000.0	-7.549	1.000	0.0	0.0	0.0	0.0	1.0	28.000	0.998891	
2.650	25	23	100000.0	-6.659	0.395	2.0	0.0	1.0	0.0	0.0	22.941	0.999227	
2.675	26	21	300000.0	-9.278	0.328	2.0	0.0	1.0	0.0	0.0	21.736	0.004070	
2.700	27	22	500000.0	-8.085	0.783	2.0	0.0	4.0	2.0	6.0	10.419	0.798229	
2.725	28	22	1000000.0	-7.050	0.783	2.0	0.0	4.0	2.0	6.0	9.000	0.593912	
2.750	29	22	1000000.0	-8.530	0.783	2.0	0.0	4.0	2.0	6.0	10.000	0.095929	
2.775	30	23	100000.0	-6.926	0.395	2.0	0.0	1.0	0.0	0.0	26.667	0.933501	
2.800	31	22	300000.0	-5.336	0.783	2.0	0.0	4.0	2.0	6.0	10.646	0.998956	
2.825	32	26	500000.0	-6.911	0.676	1.0	0.0	0.0	1.0	1.0	11.203	0.998891	
2.850	33	22	1000000.0	-7.399	0.783	2.0	0.0	4.0	2.0	6.0	8.983	0.273527	
2.875	34	22	1000000.0	-6.357	0.783	2.0	0.0	4.0	2.0	6.0	9.703	0.825806	
2.900	35	26	100000.0	-8.670	0.676	1.0	0.0	0.0	1.0	1.0	11.379	0.009998	
2.925	36	23	300000.0	-9.066	0.395	2.0	0.0	1.0	0.0	0.0	17.412	0.007414	
2.950	37	24	500000.0	-4.532	0.863	1.0	0.0	0.0	3.0	4.0	13.971	0.998891	
2.975	38	24	1000000.0	-7.648	0.863	1.0	0.0	0.0	3.0	4.0	6.951	0.948493	
3.000	39	25	1000000.0	-5.736	0.777	0.0	0.0	1.0	1.0	2.0	14.822	0.998987	
3.025	0	22	100000.0	-6.644	0.780	2.0	0.0	4.0	2.0	6.0	9.000	0.999227	
3.050	1	22	300000.0	-5.731	0.780	2.0	0.0	4.0	2.0	6.0	9.444	0.998956	
3.075	2	24	500000.0	-8.281	0.864	1.0	0.0	0.0	3.0	4.0	7.593	0.999355	
3.100	3	22	1000000.0	-6.415	0.780	2.0	0.0	4.0	2.0	6.0	8.080	0.571922	
3.125	4	27	1000000.0	-9.215	0.769	0.0	0.0	0.0	0.0	2.0	7.654	0.948493	
3.150	5	21	100000.0	-8.745	0.350	2.0	0.0	1.0	0.0	0.0	28.000	0.004070	
3.175	6	22	300000.0	-8.462	0.780	2.0	0.0	4.0	2.0	6.0	4.787	0.949946	
3.200	7	25	500000.0	-8.090	0.775	0.0	0.0	1.0	1.0	2.0	14.267	0.998093	
3.225	8	26	1000000.0	-9.045	0.683	1.0	0.0	0.0	1.0	1.0	7.045	0.330614	
3.250	9	27	1000000.0	-7.109	0.769	0.0	0.0	0.0	0.0	2.0	10.490	0.998891	
3.275	10	24	100000.0	-6.182	0.864	1.0	0.0	0.0	3.0	4.0	9.652	0.998093	
3.300	11	22	300000.0	-7.876	0.780	2.0	0.0	4.0	2.0	6.0	6.057	0.998956	
3.325	12	24	500000.0	-4.619	0.864	1.0	0.0	0.0	3.0	4.0	11.747	0.999074	
3.350	13	22	1000000.0	-7.910	0.780	2.0	0.0	4.0	2.0	6.0	7.729	0.239080	
3.375	14	24	1000000.0	-9.246	0.864	1.0	0.0	0.0	3.0	4.0	2.717	0.058081	
3.400	15	22	100000.0	-7.347	0.780	2.0	0.0	4.0	2.0	6.0	8.357	0.998093	
3.425	16	25	300000.0	-7.172	0.775	0.0	0.0	1.0	1.0	2.0	12.845	0.998956	
3.450	17	22	500000.0	-8.760	0.780	2.0	0.0	4.0	2.0	6.0	9.795	0.798229	
3.475	18	24	1000000.0	-6.902	0.864	1.0	0.0	0.0	3.0	4.0	8.026	0.999074	
3.500	19	24	1000000.0	-6.945	0.864	1.0	0.0	0.0	3.0	4.0	8.000	0.998786	
3.525	20	21	100000.0	-8.706	0.350	2.0	0.0	1.0	0.0	0.0	28.000	0.004070	
3.550	21	14	300000.0	-7.272	1.000	0.0	0.0	1.0	0.0	0.0	28.000	0.998956	
3.575	22	16	500000.0	-8.364	1.000	0.0	0.0	0.0	1.0	0.0	28.000	0.998093	
3.600	23	25	1000000.0	-6.962	0.775	0.0	0.0	1.0	1.0	2.0	11.394	0.998786	
3.625	24	12	1000000.0	-7.549	1.000	0.0	0.0	0.0	0.0	1.0	28.000	0.998671	
3.650	25	23	100000.0	-6.659	0.408	2.0	0.0	1.0	0.0	0.0	25.500	0.998093	
3.675	26	21	300000.0	-9.278	0.350	2.0	0.0	1.0	0.0	0.0	17.118	0.004070	
3.700	27	22	500000.0	-8.085	0.780	2.0	0.0	4.0	2.0	6.0	10.558	0.971980	
3.725	28	22	1000000.0	-7.050	0.780	2.0	0.0	4.0	2.0	6.0	9.045	0.593912	
3.750	29	22	1000000.0	-8.530	0.780	2.0	0.0	4.0	2.0	6.0	9.395	0.088365	
3.775	30	23	100000.0	-6.926	0.408	2.0	0.0	1.0	0.0	0.0	25.500	0.933501	
3.800	31	22	300000.0	-5.336	0.780	2.0	0.0	4.0	2.0	6.0	10.688	0.998956	
3.825	32	26	500000.0	-6.911	0.683	1.0	0.0	0.0	1.0	1.0	11.048	0.998671	
3.850	33	22	1000000.0	-7.399	0.780	2.0	0.0	4.0	2.0	6.0	9.085	0.350932	
3.875	34	22	1000000.0	-6.357	0.780	2.0	0.0	4.0	2.0	6.0	9.622	0.798229	
3.900	35	26	100000.0	-8.670	0.683	1.0	0.0	0.0	1.0	1.0	15.652	0.273527	
3.925	36	23	300000.0	-9.066	0.408	2.0	0.0	1.0	0.0	0.0	17.794	0.005495	
3.950	37	24	500000.0	-4.532	0.864	1.0	0.0	0.0	3.0	4.0	13.942	0.999074	
3.975	38	24	1000000.0	-7.648	0.864	1.0	0.0	0.0	3.0	4.0	7.220	0.956648	
4.000	39	25	1000000.0	-5.736	0.775	0.0	0.0	1.0	1.0	2.0	14.619	0.999074	
4.025	0	22	100000.0	-6.644	0.778	2.0	0.0	4.0	2.0	6.0	9.280	0.999227	
4.050	1	22	300000.0	-5.731	0.778	2.0	0.0	4.0	2.0	6.0	10.058	0.999227	
4.075	2	24	500000.0	-8.281	0.873	1.0	0.0	0.0	3.0	4.0	7.818	0.994374	
4.100	3	22	1000000.0	-6.415	0.778	2.0	0.0	4.0	2.0	6.0	7.922	0.615531	
4.125	4	27	1000000.0	-9.215	0.798	0.0	0.0	0.0	0.0	2.0	7.113	0.798229	
4.150	5	21	100000.0	-8.745	0.362	2.0	0.0	1.0	0.0	0.0	28.000	0.004070	
4.175	6	22	300000.0	-8.462	0.778	2.0	0.0	4.0	2.0	6.0	4.900	0.971980	
4.200	7	25	500000.0	-8.090	0.775	0.0	0.0	1.0	1.0	2.0	13.821	0.986213	
4.225	8	26	1000000.0	-9.045	0.698	1.0	0.0	0.0	1.0	1.0	7.506	0.310909	
4.250	9	27	1000000.0	-7.109	0.798	0.0	0.0	0.0	0.0	2.0	10.754	0.998671	
4.275	10	24	100000.0	-6.182	0.873	1.0	0.0	0.0	3.0	4.0	9.545	0.999227	
4.300	11	22	300000.0	-7.876	0.778	2.0	0.0	4.0	2.0	6.0	6.028	0.998589	
4.325	12	24	500000.0	-4.619	0.873	1.0	0.0	0.0	3.0	4.0	11.483	0.999074	
4.350	13	22	1000000.0	-7.910	0.778	2.0	0.0	4.0	2.0	6.0	7.344	0.207731	
4.375	14	24	1000000.0	-9.246	0.873	1.0	0.0	0.0	3.0	4.0	2.849	0.166582	
4.400	15	22	100000.0	-7.347	0.778	2.0	0.0	4.0	2.0	6.0	8.519	0.999227	
4.425	16	25	300000.0	-7.172	0.775	0.0	0.0	1.0	1.0	2.0	12.841	0.998589	
4.450	17	22	500000.0	-8.760	0.778	2.0	0.0	4.0	2.0	6.0	8.955	0.733687	
4.475	18	24	1000000.0	-6.902	0.873	1.0	0.0	0.0	3.0	4.0	8.000	0.998987	
4.500	19	24	1000000.0	-6.945	0.873	1.0	0.0	0.0	3.0	4.0	7.987	0.999154	
4.525	20	21	100000.0	-8.706	0.362	2.0	0.0	1.0	0.0	0.0	28.000	0.004070	
4.550	21	14	300000.0	-7.272	1.000	0.0	0.0	1.0	0.0	0.0	28.000	0.998956	
4.575	22	16	500000.0	-8.364	1.000	0.0	0.0	0.0	1.0	0.0	28.000	0.998093	
4.600	23	25	1000000.0	-6.962	0.775	0.0	0.0	1.0	1.0	2.0	11.281	0.998891	
4.625	24	12	1000000.0	-7.549	1.000	0.0	0.0	0.0	0.0	1.0	28.000	0.998987	
4.650	25	23	100000.0	-6.659	0.385	2.0	0.0	1.0	0.0	0.0	26.667	0.999227	
4.675	26	21	300000.0	-9.278	0.362	2.0	0.0	1.0	0.0	0.0	19.475	0.004070	
4.700	27	22	500000.0	-8.085	0.778	2.0	0.0	4.0	2.0	6.0	11.200	0.960248	
4.725	28	22	1000000.0	-7.050	0.778	2.0	0.0	4.0	2.0	6.0	8.896	0.549644	
4.750	29	22	1000000.0	-8.530	0.778	2.0	0.0	4.0	2.0	6.0	9.217	0.179523	
4.775	30	23	100000.0	-6.926	0.385	2.0	0.0	1.0	0.0	0.0	26.667	0.696879	
4.800	31	22	300000.0	-5.336	0.778	2.0	0.0	4.0	2.0	6.0	10.730	0.998589	
4.825	32	26	500000.0	-6.911	0.698	1.0	0.0	0.0	1.0	1.0	10.422	0.998891	
4.850	33	22	1000000.0	-7.399	0.778	2.0	0.0	4.0	2.0	6.0	9.852	0.291867	
4.875	34	22	1000000.0	-6.357	0.778	2.0	0.0	4.0	2.0	6.0	9.649	0.798229	
4.900	35	26	100000.0	-8.670	0.698	1.0	0.0	0.0	1.0	1.0	13.538	0.132224	
4.925	36	23	300000.0	-9.066	0.385	2.0	0.0	1.0	0.0	0.0	20.772	0.009998	
4.950	37	24	500000.0	-4.532	0.873	1.0	0.0	0.0	3.0	4.0	13.942	0.999074	
4.975	38	24	1000000.0	-7.648	0.873	1.0	0.0	0.0	3.0	4.0	7.016	0.933501	
5.000	39	25	1000000.0	-5.736	0.775	0.0	0.0	1.0	1.0	2.0	14.933	0.998987	
5.025	0	22	100000.0	-6.644	0.779	2.0	0.0	4.0	2.0	6.0	8.917	0.998093	
5.050	1	22	300000.0	-5.731	0.779	2.0	0.0	4.0	2.0	6.0	9.690	0.998956	
5.075	2	24	500000.0	-8.281	0.877	1.0	0.0	0.0	3.0	4.0	7.585	0.998671	
5.100	3	22	1000000.0	-6.415	0.779	2.0	0.0	4.0	2.0	6.0	8.054	0.615531	
5.125	4	27	1000000.0	-9.215	0.774	0.0	0.0	0.0	0.0	2.0	7.681	0.812407	
5.150	5	21	100000.0	-8.745	0.328	2.0	0.0	1.0	0.0	0.0	28.000	0.004070	
5.175	6	22	300000.0	-8.462	0.779	2.0	0.0	4.0	2.0	6.0	4.767	0.933501	
5.200	7	25	500000.0	-8.090	0.770	0.0	0.0	1.0	1.0	2.0	13.431	0.998093	
5.225	8	26	1000000.0	-9.045	0.670	1.0	0.0	0.0	1.0	1.0	7.725	0.142953	
5.250	9	27	1000000.0	-7.109	0.774	0.0	0.0	0.0	0.0	2.0	10.817	0.998891	
5.275	10	24	100000.0	-6.182	0.877	1.0	0.0	0.0	3.0	4.0	10.333	0.999227	
5.300	11	22	300000.0	-7.876	0.779	2.0	0.0	4.0	2.0	6.0	6.000	0.993658	
5.325	12	24	500000.0	-4.619	0.877	1.0	0.0	0.0	3.0	4.0	11.696	0.998891	
5.350	13	22	1000000.0	-7.910	0.779	2.0	0.0	4.0	2.0	6.0	7.600	0.223013	
5.375	14	24	1000000.0	-9.246	0.877	1.0	0.0	0.0	3.0	4.0	2.909	0.048939	
5.400	15	22	100000.0	-7.347	0.779	2.0	0.0	4.0	2.0	6.0	8.385	0.998093	
5.425	16	25	300000.0	-7.172	0.770	0.0	0.0	1.0	1.0	2.0	13.403	0.998589	
5.450	17	22	500000.0	-8.760	0.779	2.0	0.0	4.0	2.0	6.0	8.170	0.615531	
5.475	18	24	1000000.0	-6.902	0.877	1.0	0.0	0.0	3.0	4.0	8.013	0.998408	
5.500	19	24	1000000.0	-6.945	0.877	1.0	0.0	0.0	3.0	4.0	7.949	0.998408	
5.525	20	21	100000.0	-8.706	0.328	2.0	0.0	1.0	0.0	0.0	28.000	0.004070	
5.550	21	14	300000.0	-7.272	1.000	0.0	0.0	1.0	0.0	0.0	28.000	0.998956	
5.575	22	16	500000.0	-8.364	1.000	0.0	0.0	0.0	1.0	0.0	28.000	0.998093	
5.600	23	25	1000000.0	-6.962	0.770	0.0	0.0	1.0	1.0	2.0	12.299	0.998891	
5.625	24	12	1000000.0	-7.549	1.000	0.0	0.0	0.0	0.0	1.0	28.000	0.998987	
5.650	25	23	100000.0	-6.659	0.379	2.0	0.0	1.0	0.0	0.0	25.200	0.999227	
5.675	26	21	300000.0	-9.278	0.328	2.0	0.0	1.0	0.0	0.0	22.192	0.004070	
5.700	27	22	500000.0	-8.085	0.779	2.0	0.0	4.0	2.0	6.0	10.400	0.933501	
5.725	28	22	1000000.0	-7.050	0.779	2.0	0.0	4.0	2.0	6.0	9.242	0.571922	
5.750	29	22	1000000.0	-8.530	0.779	2.0	0.0	4.0	2.0	6.0	9.805	0.068808	
5.775	30	23	100000.0	-6.926	0.379	2.0	0.0	1.0	0.0	0.0	25.200	0.850321	
5.800	31	22	300000.0	-5.336	0.779	2.0	0.0	4.0	2.0	6.0	10.825	0.999227	
5.825	32	26	500000.0	-6.911	0.670	1.0	0.0	0.0	1.0	1.0	9.892	0.998891	
5.850	33	22	1000000.0	-7.399	0.779	2.0	0.0	4.0	2.0	6.0	9.133	0.371805	
5.875	34	22	1000000.0	-6.357	0.779	2.0	0.0	4.0	2.0	6.0	9.915	0.825806	
5.900	35	26	100000.0	-8.670	0.670	1.0	0.0	0.0	1.0	1.0	15.619	0.132224	
5.925	36	23	300000.0	-9.066	0.379	2.0	0.0	1.0	0.0	0.0	19.508	0.009998	
5.950	37	24	500000.0	-4.532	0.877	1.0	0.0	0.0	3.0	4.0	13.971	0.998891	
5.975	38	24	1000000.0	-7.648	0.877	1.0	0.0	0.0	3.0	4.0	6.818	0.966608	
6.000	39	25	1000000.0	-5.736	0.770	0.0	0.0	1.0	1.0	2.0	13.886	0.998987	
6.025	0	22	100000.0	-6.644	0.792	2.0	0.0	4.0	2.0	6.0	9.833	0.999227	
6.050	1	22	300000.0	-5.731	0.792	2.0	0.0	4.0	2.0	6.0	9.622	0.998589	
6.075	2	24	500000.0	-8.281	0.874	1.0	0.0	0.0	3.0	4.0	7.574	0.997264	
6.100	3	22	1000000.0	-6.415	0.792	2.0	0.0	4.0	2.0	6.0	8.026	0.677437	
6.125	4	27	1000000.0	-9.215	0.784	0.0	0.0	0.0	0.0	2.0	7.175	0.914540	
6.150	5	21	100000.0	-8.745	0.341	2.0	0.0	1.0	0.0	0.0	28.000	0.004070	
6.175	6	22	300000.0	-8.462	0.792	2.0	0.0	4.0	2.0	6.0	4.806	0.971980	
6.200	7	25	500000.0	-8.090	0.780	0.0	0.0	1.0	1.0	2.0	13.746	0.994374	
6.225	8	26	1000000.0	-9.045	0.670	1.0	0.0	0.0	1.0	1.0	7.734	0.193236	
6.250	9	27	1000000.0	-7.109	0.784	0.0	0.0	0.0	0.0	2.0	10.270	0.997716	
6.275	10	24	100000.0	-6.182	0.874	1.0	0.0	0.0	3.0	4.0	9.167	0.998093	
6.300	11	22	300000.0	-7.876	0.792	2.0	0.0	4.0	2.0	6.0	6.027	0.999577	
6.325	12	24	500000.0	-4.619	0.874	1.0	0.0	0.0	3.0	4.0	11.795	0.998891	
6.350	13	22	1000000.0	-7.910	0.792	2.0	0.0	4.0	2.0	6.0	7.175	0.207731	
6.375	14	24	1000000.0	-9.246	0.874	1.0	0.0	0.0	3.0	4.0	2.890	0.063233	
6.400	15	22	100000.0	-7.347	0.792	2.0	0.0	4.0	2.0	6.0	8.692	0.995301	
6.425	16	25	300000.0	-7.172	0.780	0.0	0.0	1.0	1.0	2.0	13.588	0.998956	
6.450	17	22	500000.0	-8.760	0.792	2.0	0.0	4.0	2.0	6.0	8.714	0.798229	
6.475	18	24	1000000.0	-6.902	0.874	1.0	0.0	0.0	3.0	4.0	7.988	0.998891	
6.500	19	24	1000000.0	-6.945	0.874	1.0	0.0	0.0	3.0	4.0	7.887	0.998786	
6.525	20	21	100000.0	-8.706	0.341	2.0	0.0	1.0	0.0	0.0	28.000	0.004070	
6.550	21	14	300000.0	-7.272	1.000	0.0	0.0	1.0	0.0	0.0	28.000	0.998589	
6.575	22	16	500000.0	-8.364	1.000	0.0	0.0	0.0	1.0	0.0	28.000	0.998891	
6.600	23	25	1000000.0	-6.962	0.780	0.0	0.0	1.0	1.0	2.0	11.891	0.998987	
6.625	24	12	1000000.0	-7.549	1.000	0.0	0.0	0.0	0.0	1.0	28.000	0.998786	
6.650	25	23	100000.0	-6.659	0.407	2.0	0.0	1.0	0.0	0.0	24.353	0.995301	
6.675	26	21	300000.0	-9.278	0.341	2.0	0.0	1.0	0.0	0.0	18.312	0.005495	
6.700	27	22	500000.0	-8.085	0.792	2.0	0.0	4.0	2.0	6.0	11.024	0.943890	
6.725	28	22	1000000.0	-7.050	0.792	2.0	0.0	4.0	2.0	6.0	9.061	0.571922	
6.750	29	22	1000000.0	-8.530	0.792	2.0	0.0	4.0	2.0	6.0	9.200	0.088365	
6.775	30	23	100000.0	-6.926	0.407	2.0	0.0	1.0	0.0	0.0	24.353	0.024346	
6.800	31	22	300000.0	-5.336	0.792	2.0	0.0	4.0	2.0	6.0	10.585	0.998956	
6.825	32	26	500000.0	-6.911	0.670	1.0	0.0	0.0	1.0	1.0	11.040	0.998891	
6.850	33	22	1000000.0	-7.399	0.792	2.0	0.0	4.0	2.0	6.0	9.254	0.459433	
6.875	34	22	1000000.0	-6.357	0.792	2.0	0.0	4.0	2.0	6.0	9.447	0.825806	
6.900	35	26	100000.0	-8.670	0.670	1.0	0.0	0.0	1.0	1.0	12.538	0.058081	
6.925	36	23	300000.0	-9.066	0.407	2.0	0.0	1.0	0.0	0.0	18.688	0.007414	
6.950	37	24	500000.0	-4.532	0.874	1.0	0.0	0.0	3.0	4.0	14.059	0.998891	
6.975	38	24	1000000.0	-7.648	0.874	1.0	0.0	0.0	3.0	4.0	6.950	0.921350	
7.000	39	25	1000000.0	-5.736	0.780	0.0	0.0	1.0	1.0	2.0	14.107	0.998987	
7.025	0	22	100000.0	-6.644	0.797	2.0	0.0	4.0	2.0	6.0	9.000	0.999227	
7.050	1	22	300000.0	-5.731	0.797	2.0	0.0	4.0	2.0	6.0	9.289	0.999227	
7.075	2	24	500000.0	-8.281	0.873	1.0	0.0	0.0	3.0	4.0	7.550	0.980320	
7.100	3	22	1000000.0	-6.415	0.797	2.0	0.0	4.0	2.0	6.0	8.079	0.571922	
7.125	4	27	1000000.0	-9.215	0.763	0.0	0.0	0.0	0.0	2.0	7.447	0.798229	
7.150	5	21	100000.0	-8.745	0.351	2.0	0.0	1.0	0.0	0.0	28.000	0.004070	
7.175	6	22	300000.0	-8.462	0.797	2.0	0.0	4.0	2.0	6.0	4.918	0.912153	
7.200	7	25	500000.0	-8.090	0.776	0.0	0.0	1.0	1.0	2.0	13.128	0.995301	
7.225	8	26	1000000.0	-9.045	0.662	1.0	0.0	0.0	1.0	1.0	8.309	0.273527	
7.250	9	27	1000000.0	-7.109	0.763	0.0	0.0	0.0	0.0	2.0	10.479	0.999411	
7.275	10	24	100000.0	-6.182	0.873	1.0	0.0	0.0	3.0	4.0	9.391	0.998093	
7.300	11	22	300000.0	-7.876	0.797	2.0	0.0	4.0	2.0	6.0	6.028	0.991444	
7.325	12	24	500000.0	-4.619	0.873	1.0	0.0	0.0	3.0	4.0	11.614	0.999074	
7.350	13	22	1000000.0	-7.910	0.797	2.0	0.0	4.0	2.0	6.0	7.365	0.179523	
7.375	14	24	1000000.0	-9.246	0.873	1.0	0.0	0.0	3.0	4.0	2.753	0.041173	
7.400	15	22	100000.0	-7.347	0.797	2.0	0.0	4.0	2.0	6.0	8.444	0.998093	
7.425	16	25	300000.0	-7.172	0.776	0.0	0.0	1.0	1.0	2.0	13.200	0.998956	
7.450	17	22	500000.0	-8.760	0.797	2.0	0.0	4.0	2.0	6.0	8.435	0.481968	
7.475	18	24	1000000.0	-6.902	0.873	1.0	0.0	0.0	3.0	4.0	8.078	0.998546	
7.500	19	24	1000000.0	-6.945	0.873	1.0	0.0	0.0	3.0	4.0	7.974	0.995301	
7.525	20	21	100000.0	-8.706	0.351	2.0	0.0	1.0	0.0	0.0	28.000	0.004070	
7.550	21	14	300000.0	-7.272	1.000	0.0	0.0	1.0	0.0	0.0	28.000	0.998956	
7.575	22	16	500000.0	-8.364	1.000	0.0	0.0	0.0	1.0	0.0	28.000	0.996076	
7.600	23	25	1000000.0	-6.962	0.776	0.0	0.0	1.0	1.0	2.0	11.664	0.998987	
7.625	24	12	1000000.0	-7.549	1.000	0.0	0.0	0.0	0.0	1.0	28.000	0.997264	
7.650	25	23	100000.0	-6.659	0.415	2.0	0.0	1.0	0.0	0.0	22.000	0.999227	
7.675	26	21	300000.0	-9.278	0.351	2.0	0.0	1.0	0.0	0.0	17.403	0.004070	
7.700	27	22	500000.0	-8.085	0.797	2.0	0.0	4.0	2.0	6.0	11.500	0.943890	
7.725	28	22	1000000.0	-7.050	0.797	2.0	0.0	4.0	2.0	6.0	9.176	0.549644	
7.750	29	22	1000000.0	-8.530	0.797	2.0	0.0	4.0	2.0	6.0	9.217	0.088365	
7.775	30	23	100000.0	-6.926	0.415	2.0	0.0	1.0	0.0	0.0	26.667	0.273527	
7.800	31	22	300000.0	-5.336	0.797	2.0	0.0	4.0	2.0	6.0	10.938	0.998956	
7.825	32	26	500000.0	-6.911	0.662	1.0	0.0	0.0	1.0	1.0	11.916	0.998891	
7.850	33	22	1000000.0	-7.399	0.797	2.0	0.0	4.0	2.0	6.0	8.931	0.330614	
7.875	34	22	1000000.0	-6.357	0.797	2.0	0.0	4.0	2.0	6.0	9.680	0.783266	
7.900	35	26	100000.0	-8.670	0.662	1.0	0.0	0.0	1.0	1.0	11.714	0.850321	
7.925	36	23	300000.0	-9.066	0.415	2.0	0.0	1.0	0.0	0.0	17.507	0.013469	
7.950	37	24	500000.0	-4.532	0.873	1.0	0.0	0.0	3.0	4.0	13.884	0.998891	
7.975	38	24	1000000.0	-7.648	0.873	1.0	0.0	0.0	3.0	4.0	6.868	0.948493	
8.000	39	25	1000000.0	-5.736	0.776	0.0	0.0	1.0	1.0	2.0	14.421	0.999074	
8.025	0	22	100000.0	-6.644	0.791	2.0	0.0	4.0	2.0	6.0	8.923	0.999227	
8.050	1	22	300000.0	-5.731	0.791	2.0	0.0	4.0	2.0	6.0	9.521	0.999227	
8.075	2	24	500000.0	-8.281	0.865	1.0	0.0	0.0	3.0	4.0	7.770	0.998891	
8.100	3	22	1000000.0	-6.415	0.791	2.0	0.0	4.0	2.0	6.0	7.974	0.571922	
8.125	4	27	1000000.0	-9.215	0.783	0.0	0.0	0.0	0.0	2.0	7.018	0.850321	
8.150	5	21	100000.0	-8.745	0.345	2.0	0.0	1.0	0.0	0.0	28.000	0.004070	
8.175	6	22	300000.0	-8.462	0.791	2.0	0.0	4.0	2.0	6.0	4.688	0.933501	
8.200	7	25	500000.0	-8.090	0.771	0.0	0.0	1.0	1.0	2.0	13.571	0.996076	
8.225	8	26	1000000.0	-9.045	0.674	1.0	0.0	0.0	1.0	1.0	7.609	0.677437	
8.250	9	27	1000000.0	-7.109	0.783	0.0	0.0	0.0	0.0	2.0	10.122	0.998093	
8.275	10	24	100000.0	-6.182	0.865	1.0	0.0	0.0	3.0	4.0	9.391	0.999227	
8.300	11	22	300000.0	-7.876	0.791	2.0	0.0	4.0	2.0	6.0	6.000	0.999577	
8.325	12	24	500000.0	-4.619	0.865	1.0	0.0	0.0	3.0	4.0	11.678	0.999074	
8.350	13	22	1000000.0	-7.910	0.791	2.0	0.0	4.0	2.0	6.0	7.281	0.166582	
8.375	14	24	1000000.0	-9.246	0.865	1.0	0.0	0.0	3.0	4.0	2.736	0.081344	
8.400	15	22	100000.0	-7.347	0.791	2.0	0.0	4.0	2.0	6.0	8.370	0.999227	
8.425	16	25	300000.0	-7.172	0.771	0.0	0.0	1.0	1.0	2.0	14.375	0.998093	
8.450	17	22	500000.0	-8.760	0.791	2.0	0.0	4.0	2.0	6.0	8.558	0.571922	
8.475	18	24	1000000.0	-6.902	0.865	1.0	0.0	0.0	3.0	4.0	7.948	0.998408	
8.500	19	24	1000000.0	-6.945	0.865	1.0	0.0	0.0	3.0	4.0	7.961	0.999294	
8.525	20	21	100000.0	-8.706	0.345	2.0	0.0	1.0	0.0	0.0	28.000	0.004070	
8.550	21	14	300000.0	-7.272	1.000	0.0	0.0	1.0	0.0	0.0	28.000	0.999227	
8.575	22	16	500000.0	-8.364	1.000	0.0	0.0	0.0	1.0	0.0	28.000	0.999355	
8.600	23	25	1000000.0	-6.962	0.771	0.0	0.0	1.0	1.0	2.0	11.568	0.998987	
8.625	24	12	1000000.0	-7.549	1.000	0.0	0.0	0.0	0.0	1.0	28.000	0.999411	
8.650	25	23	100000.0	-6.659	0.397	2.0	0.0	1.0	0.0	0.0	25.250	0.999227	
8.675	26	21	300000.0	-9.278	0.345	2.0	0.0	1.0	0.0	0.0	18.625	0.004070	
8.700	27	22	500000.0	-8.085	0.791	2.0	0.0	4.0	2.0	6.0	10.714	0.952737	
8.725	28	22	1000000.0	-7.050	0.791	2.0	0.0	4.0	2.0	6.0	8.985	0.504576	
8.750	29	22	1000000.0	-8.530	0.791	2.0	0.0	4.0	2.0	6.0	8.565	0.058081	
8.775	30	23	100000.0	-6.926	0.397	2.0	0.0	1.0	0.0	0.0	24.353	0.273527	
8.800	31	22	300000.0	-5.336	0.791	2.0	0.0	4.0	2.0	6.0	10.677	0.998956	
8.825	32	26	500000.0	-6.911	0.674	1.0	0.0	0.0	1.0	1.0	11.333	0.998891	
8.850	33	22	1000000.0	-7.399	0.791	2.0	0.0	4.0	2.0	6.0	9.207	0.437064	
8.875	34	22	1000000.0	-6.357	0.791	2.0	0.0	4.0	2.0	6.0	10.028	0.812407	
8.900	35	26	100000.0	-8.670	0.674	1.0	0.0	0.0	1.0	1.0	12.571	0.273527	
8.925	36	23	300000.0	-9.066	0.397	2.0	0.0	1.0	0.0	0.0	18.030	0.009998	
8.950	37	24	500000.0	-4.532	0.865	1.0	0.0	0.0	3.0	4.0	13.971	0.999074	
8.975	38	24	1000000.0	-7.648	0.865	1.0	0.0	0.0	3.0	4.0	7.098	0.907199	
