% start	end	CellId	IMSI	RNTI	LCID	nTxPDUs	TxBytes	nRxPDUs	RxBytes	delay	stdDev	min	max	PduSize	stdDev	min	max
0	1	22	1	44	4	7	7210	0	0	0	0	0	0	0	0	0	0	
0	1	22	2	24	4	7	7210	0	0	0	0	0	0	0	0	0	0	
0	1	22	3	86	4	7	7210	0	0	0	0	0	0	0	0	0	0	
0	1	22	4	141	4	6	6180	0	0	0	0	0	0	0	0	0	0	
0	1	22	5	21	4	7	7210	0	0	0	0	0	0	0	0	0	0	
0	1	22	6	14	4	7	7210	0	0	0	0	0	0	0	0	0	0	
0	1	22	7	75	4	7	7210	0	0	0	0	0	0	0	0	0	0	
0	1	22	8	78	4	7	7210	0	0	0	0	0	0	0	0	0	0	
0	1	22	9	140	4	6	6180	0	0	0	0	0	0	0	0	0	0	
0	1	22	10	47	4	7	7210	0	0	0	0	0	0	0	0	0	0	
0	1	23	11	10	4	7	7210	7	7210	0.0166535	0.00158013	0.0142487	0.0180669	1030	0	1030	1030	
0	1	23	12	7	4	7	7210	7	7210	0.0166526	0.00439774	0.0113387	0.0222478	1030	0	1030	1030	
0	1	23	13	4	4	7	7210	7	7210	0.0153661	0.00443693	0.0103379	0.021247	1030	0	1030	1030	
0	1	23	14	5	4	7	7210	7	7210	0.0157938	0.00290932	0.0126098	0.0192461	1030	0	1030	1030	
0	1	23	15	8	4	7	7210	7	7210	0.0159358	0.00496	0.0106089	0.0223362	1030	0	1030	1030	
0	1	23	16	1	4	7	7210	7	7210	0.0153635	0.00426451	0.0109871	0.0215171	1030	0	1030	1030	
0	1	23	17	9	4	7	7210	7	7210	0.0163626	0.00276519	0.0132435	0.0190617	1030	0	1030	1030	
0	1	23	18	3	4	7	7210	7	7210	0.0156475	0.00308818	0.0120609	0.0196063	1030	0	1030	1030	
0	1	23	19	6	4	7	7210	7	7210	0.0167895	0.00290932	0.0136055	0.0202418	1030	0	1030	1030	
0	1	23	20	2	4	7	7210	7	7210	0.0159315	0.00354836	0.0119837	0.0200592	1030	0	1030	1030	
0	1	24	21	4	4	7	7210	7	7210	0.0109306	0.0013672	0.0100583	0.0139828	1030	0	1030	1030	
0	1	24	22	3	4	7	7210	7	7210	0.00907264	0.00174054	0.00805745	0.0129819	1030	0	1030	1030	
0	1	24	23	8	4	7	7210	7	7210	0.00664321	0.00588637	0.0040566	0.0199811	1030	0	1030	1030	
0	1	24	24	10	4	7	7210	7	7210	0.00564235	0.00588637	0.00305574	0.0189802	1030	0	1030	1030	
0	1	24	25	9	4	7	7210	7	7210	0.00721293	0.00475365	0.00505489	0.0179794	1030	0	1030	1030	
0	1	24	26	5	4	7	7210	7	7210	0.0102121	0.00211552	0.00905403	0.0149785	1030	0	1030	1030	
0	1	24	27	6	4	7	7210	7	7210	0.0120684	0.00174054	0.0110532	0.0159777	1030	0	1030	1030	
0	1	24	28	2	4	7	7210	7	7210	0.0080675	0.00174054	0.00705232	0.0119768	1030	0	1030	1030	
0	1	24	29	1	4	7	7210	7	7210	0.00706665	0.00174054	0.00605146	0.0109759	1030	0	1030	1030	
0	1	24	30	7	4	7	7210	7	7210	0.0130658	0.00174054	0.0120506	0.0169751	1030	0	1030	1030	
0	1	22	31	91	4	7	7210	7	7210	0.0353506	0.00784097	0.0310497	0.0529742	1030	0	1030	1030	
0	1	22	32	103	4	7	7210	7	7210	0.0383498	0.00825913	0.0340489	0.0569734	1030	0	1030	1030	
0	1	24	33	17	4	35	36050	33	33990	0.0362399	0.00756851	0.0239073	0.0498164	1030	0	1030	1030	
0	1	22	34	92	4	7	7210	7	7210	0.0224917	0.0110028	0.0113208	0.0459717	1030	0	1030	1030	
0	1	22	35	87	4	69	71070	37	38110	0.103631	0.0297121	0.0377255	0.138635	1030	0	1030	1030	
0	1	22	36	109	4	7	7210	7	7210	0.0260621	0.01031	0.0203199	0.04897	1030	0	1030	1030	
0	1	22	37	94	4	7	7210	7	7210	0.0249184	0.0104093	0.0183191	0.0479691	1030	0	1030	1030	
0	1	22	38	97	4	35	36050	29	29870	0.0674979	0.0160638	0.0431792	0.100816	1030	0	1030	1030	
0	1	22	39	85	4	7	7210	7	7210	0.00891743	0.00446056	0.00622728	0.0189674	1030	0	1030	1030	
0	1	22	40	93	4	69	71070	37	38110	0.102615	0.0286948	0.0397246	0.141634	1030	0	1030	1030	
0	1	22	41	88	4	7	7210	7	7210	0.00705931	0.00402825	0.00422642	0.0159657	1030	0	1030	1030	
0	1	22	42	106	4	7	7210	7	7210	0.0102013	0.00475235	0.00804376	0.0209648	1030	0	1030	1030	
0	1	24	43	16	4	35	36050	33	33990	0.0383288	0.00719519	0.0247238	0.0543601	1030	0	1030	1030	
0	1	22	44	83	4	7	7210	7	7210	0.0162003	0.00222995	0.0114974	0.0182247	1030	0	1030	1030	
0	1	22	45	101	4	69	71070	68	70040	0.0171063	0.0112538	0.00371693	0.0460806	1030	0	1030	1030	
0	1	22	46	99	4	7	7210	7	7210	0.00519935	0.00312684	0.00304205	0.0119614	1030	0	1030	1030	
0	1	22	47	108	4	7	7210	7	7210	0.0131985	0.00439692	0.010223	0.0229605	1030	0	1030	1030	
0	1	22	48	105	4	35	36050	35	36050	0.018579	0.0112002	0.00417747	0.0393593	1030	0	1030	1030	
0	1	22	49	110	4	7	7210	7	7210	0.0204832	0.00904606	0.0162221	0.0409588	1030	0	1030	1030	
0	1	22	50	107	4	69	71070	68	70040	0.0183848	0.0116777	0.0034502	0.0453524	1030	0	1030	1030	
0	1	22	51	102	4	7	7210	7	7210	0.00691083	0.00377361	0.00403948	0.0149571	1030	0	1030	1030	
0	1	23	52	11	4	7	7210	7	7210	0.0166243	0.00435395	0.0110386	0.0209563	1030	0	1030	1030	
0	1	22	53	100	4	35	36050	35	36050	0.0175209	0.0125088	0.0030857	0.0399554	1030	0	1030	1030	
0	1	24	54	18	4	7	7210	7	7210	0.0230518	0.00572449	0.0200378	0.0359545	1030	0	1030	1030	
0	1	24	55	20	4	69	71070	21	21630	0.165938	0.059329	0.0509537	0.220533	1030	0	1030	1030	
0	1	22	56	89	4	7	7210	5	5150	0.0380928	0.00346496	0.0350369	0.0439528	1030	0	1030	1030	
0	1	24	57	19	4	7	7210	7	7210	0.0213357	0.00690423	0.0180361	0.036952	1030	0	1030	1030	
0	1	24	58	12	4	35	36050	35	36050	0.0102628	0.00847536	0.00308484	0.0254485	1030	0	1030	1030	
0	1	22	59	104	4	7	7210	7	7210	0.0249062	0.0119822	0.0190352	0.0519503	1030	0	1030	1030	
0	1	24	60	21	4	69	71070	45	46350	0.0865169	0.0249522	0.0386303	0.11963	1030	0	1030	1030	
0	1	23	61	12	4	7	7210	2	2060	0.0728551	0.0691643	0.0239486	0.121762	1030	0	1030	1030	
0	1	24	62	13	4	7	7210	7	7210	0.0217615	0.00497291	0.0190335	0.0329477	1030	0	1030	1030	
0	1	22	63	98	4	35	36050	12	12360	0.197989	0.0849418	0.0669468	0.333993	1030	0	1030	1030	
0	1	22	64	90	4	7	7210	7	7210	0.0360462	0.00793945	0.0320326	0.053946	1030	0	1030	1030	
0	1	22	65	96	4	69	71070	18	18540	0.188133	0.0742426	0.0559451	0.278811	1030	0	1030	1030	
0	1	24	66	22	4	7	7210	7	7210	0.0211881	0.00916625	0.0170318	0.0419443	1030	0	1030	1030	
0	1	24	67	15	4	7	7210	7	7210	0.0250444	0.00394141	0.0230309	0.0339434	1030	0	1030	1030	
0	1	24	68	11	4	35	36050	34	35020	0.0209025	0.0087155	0.00908313	0.0379426	1030	0	1030	1030	
0	1	22	69	95	4	7	7210	7	7210	0.0371863	0.00787859	0.0330301	0.0549417	1030	0	1030	1030	
0	1	24	70	14	4	69	71070	46	47380	0.084559	0.0242712	0.0376286	0.118629	1030	0	1030	1030	
1	2	22	1	44	4	14	14420	0	0	0	0	0	0	0	0	0	0	
1	2	22	2	24	4	14	14420	0	0	0	0	0	0	0	0	0	0	
1	2	22	3	86	4	14	14420	0	0	0	0	0	0	0	0	0	0	
1	2	22	4	141	4	14	14420	0	0	0	0	0	0	0	0	0	0	
1	2	22	5	21	4	14	14420	0	0	0	0	0	0	0	0	0	0	
1	2	22	6	14	4	14	14420	0	0	0	0	0	0	0	0	0	0	
1	2	22	7	75	4	14	14420	0	0	0	0	0	0	0	0	0	0	
1	2	22	8	78	4	14	14420	0	0	0	0	0	0	0	0	0	0	
1	2	22	9	140	4	14	14420	0	0	0	0	0	0	0	0	0	0	
1	2	22	10	47	4	14	14420	0	0	0	0	0	0	0	0	0	0	
1	2	23	11	10	4	14	14420	14	14420	0.0179435	0.00115742	0.0156124	0.0194305	1030	0	1030	1030	
1	2	23	12	7	4	14	14420	14	14420	0.0181569	0.00519119	0.0122479	0.025157	1030	0	1030	1030	
1	2	23	13	4	4	14	14420	14	14420	0.0171561	0.00505192	0.0111561	0.0241561	1030	0	1030	1030	
1	2	23	14	5	4	14	14420	14	14420	0.0172981	0.00295715	0.0121552	0.0221553	1030	0	1030	1030	
1	2	23	15	8	4	14	14420	14	14420	0.0185115	0.00675391	0.0109726	0.0271544	1030	0	1030	1030	
1	2	23	16	1	4	14	14420	14	14420	0.0179392	0.00496953	0.0115172	0.023699	1030	0	1030	1030	
1	2	23	17	9	4	14	14420	14	14420	0.0177955	0.00181099	0.0148799	0.0204254	1030	0	1030	1030	
1	2	23	18	3	4	14	14420	14	14420	0.0178661	0.00354103	0.0138791	0.0226973	1030	0	1030	1030	
1	2	23	19	6	4	14	14420	14	14420	0.0180795	0.00302189	0.0141509	0.023151	1030	0	1030	1030	
1	2	23	20	2	4	14	14420	14	14420	0.0170072	0.00346662	0.0128774	0.0214228	1030	0	1030	1030	
1	2	24	21	4	4	14	14420	14	14420	0.0122921	0.00305943	0.0100583	0.0208765	1030	0	1030	1030	
1	2	24	22	3	4	14	14420	14	14420	0.0106484	0.0062378	0.00605748	0.0278757	1030	0	1030	1030	
1	2	24	23	8	4	14	14420	14	14420	0.00800467	0.00392633	0.00414752	0.0193294	1030	0	1030	1030	
1	2	24	24	10	4	14	14420	14	14420	0.0057181	0.0056354	0.00305577	0.024874	1030	0	1030	1030	
1	2	24	25	9	4	14	14420	14	14420	0.0105744	0.00385521	0.00614581	0.0188731	1030	0	1030	1030	
1	2	24	26	5	4	14	14420	14	14420	0.00878782	0.00280981	0.00459952	0.0163268	1030	0	1030	1030	
1	2	24	27	6	4	14	14420	14	14420	0.013287	0.00305943	0.0110532	0.0218714	1030	0	1030	1030	
1	2	24	28	2	4	14	14420	14	14420	0.00821468	0.00362186	0.00505235	0.0178705	1030	0	1030	1030	
1	2	24	29	1	4	14	14420	14	14420	0.00785668	0.00665277	0.00405149	0.0258697	1030	0	1030	1030	
1	2	24	30	7	4	14	14420	14	14420	0.0145701	0.00334639	0.0120506	0.0228688	1030	0	1030	1030	
1	2	23	31	13	4	14	14420	4	4120	0.125482	0.00130136	0.123959	0.126777	1030	0	1030	1030	
1	2	22	32	103	4	14	14420	14	14420	0.0281398	0.00513021	0.0151398	0.0348671	1030	0	1030	1030	
1	2	14	33	1	4	69	71070	37	38110	0.112256	0.0450764	0.0229982	0.199998	1030	0	1030	1030	
1	2	24	34	23	4	14	14420	1	1030	0.0118662	0	0.0118662	0.0118662	1030	0	1030	1030	
1	2	24	35	24	4	138	142140	9	9270	0.119641	0.017254	0.0884459	0.134453	1030	0	1030	1030	
1	2	24	36	25	4	14	14420	2	2060	0.0205017	0.000899956	0.0198654	0.0211381	1030	0	1030	1030	
1	2	22	37	94	4	14	14420	14	14420	0.0126373	0.00315357	0.00904636	0.0188645	1030	0	1030	1030	
1	2	22	38	97	4	69	71070	71	73130	0.0511869	0.0284273	0.0126338	0.112906	1030	0	1030	1030	
1	2	22	39	85	4	14	14420	14	14420	0.0091364	0.00376925	0.00613642	0.0208637	1030	0	1030	1030	
1	2	24	40	26	4	138	142140	23	23690	0.11099	0.0201766	0.0724451	0.137452	1030	0	1030	1030	
1	2	22	41	88	4	14	14420	14	14420	0.00834983	0.00449831	0.00413556	0.0218628	1030	0	1030	1030	
1	2	22	42	106	4	14	14420	14	14420	0.0100633	0.00257998	0.00804379	0.017862	1030	0	1030	1030	
1	2	22	43	142	4	69	71070	34	35020	0.0563433	0.0688563	0.00678571	0.287906	1030	0	1030	1030	
1	2	2	44	1	4	14	14420	13	13390	0.0164625	0.0272529	0.00304293	0.103134	1030	0	1030	1030	
1	2	22	45	101	4	138	142140	136	140080	0.0132003	0.00975361	0.00308061	0.0456261	1030	0	1030	1030	
1	2	22	46	99	4	14	14420	14	14420	0.00391869	0.000906721	0.00304207	0.00640573	1030	0	1030	1030	
1	2	22	47	108	4	14	14420	14	14420	0.013775	0.0019842	0.0120412	0.0188594	1030	0	1030	1030	
1	2	22	48	105	4	69	71070	68	70040	0.013235	0.0110276	0.00308658	0.0369048	1030	0	1030	1030	
1	2	23	49	14	4	14	14420	10	10300	0.0333313	0.0348084	0.0162222	0.126586	1030	0	1030	1030	
1	2	22	50	107	4	138	142140	138	142140	0.0175621	0.0131262	0.00308658	0.0566252	1030	0	1030	1030	
1	2	22	51	102	4	14	14420	14	14420	0.00570184	0.00234946	0.00403951	0.0114032	1030	0	1030	1030	
1	2	23	52	11	4	14	14420	14	14420	0.0176296	0.00558979	0.0115841	0.0257659	1030	0	1030	1030	
1	2	22	53	100	4	69	71070	65	66950	0.0165263	0.012898	0.00354026	0.0471767	1030	0	1030	1030	
1	2	22	54	143	4	14	14420	10	10300	0.0212378	0.00344891	0.0173105	0.0305833	1030	0	1030	1030	
1	2	22	55	144	4	138	142140	53	54590	0.158238	0.0574439	0.00517664	0.285449	1030	0	1030	1030	
1	2	24	56	27	4	14	14420	12	12360	0.0407491	0.0403163	0.0210369	0.156582	1030	0	1030	1030	
1	2	24	57	19	4	14	14420	14	14420	0.0200556	0.00333644	0.0148543	0.0263088	1030	0	1030	1030	
1	2	22	58	145	4	69	71070	48	49440	0.0097307	0.00870727	0.00308486	0.0313576	1030	0	1030	1030	
1	2	22	59	104	4	14	14420	14	14420	0.0174833	0.00407705	0.013217	0.0283989	1030	0	1030	1030	
1	2	22	60	146	4	138	142140	100	103000	0.0570577	0.028799	0.00717579	0.119903	1030	0	1030	1030	
1	2	23	61	12	4	14	14420	5	5150	0.123616	0.00203848	0.12158	0.127034	1030	0	1030	1030	
1	2	24	62	13	4	14	14420	14	14420	0.0203387	0.00366191	0.0138517	0.0273062	1030	0	1030	1030	
1	2	24	63	28	4	69	71070	35	36050	0.205635	0.139198	0.00526585	0.422902	1030	0	1030	1030	
1	2	24	64	29	4	14	14420	12	12360	0.0259342	0.0049041	0.0158508	0.0328508	1030	0	1030	1030	
1	2	23	65	15	4	138	142140	44	45320	0.201065	0.0415342	0.103804	0.276357	1030	0	1030	1030	
1	2	22	66	147	4	14	14420	13	13390	0.0182766	0.00345781	0.01085	0.0253045	1030	0	1030	1030	
1	2	22	67	148	4	14	14420	13	13390	0.0246393	0.00386665	0.0175764	0.0311219	1030	0	1030	1030	
1	2	22	68	149	4	69	71070	66	67980	0.0144619	0.0100228	0.00417408	0.0421741	1030	0	1030	1030	
1	2	22	69	95	4	14	14420	13	13390	0.0267923	0.00545461	0.013121	0.0338483	1030	0	1030	1030	
1	2	24	70	14	4	138	142140	134	138020	0.0465438	0.029909	0.00417408	0.117901	1030	0	1030	1030	
2	3	2	1	8	4	13	13390	8	8240	0.00917777	0.0023438	0.00634822	0.0119846	1030	0	1030	1030	
2	3	2	2	7	4	12	12360	8	8240	0.00817692	0.0023438	0.00534736	0.0109837	1030	0	1030	1030	
2	3	2	3	13	4	12	12360	5	5150	0.00671016	0.00131583	0.0051647	0.00798289	1030	0	1030	1030	
2	3	2	4	15	4	13	13390	3	3090	0.0046487	0.000367403	0.00425476	0.00498203	1030	0	1030	1030	
2	3	2	5	2	4	12	12360	8	8240	0.00617467	0.00234356	0.0033448	0.00898118	1030	0	1030	1030	
2	3	2	6	3	4	12	12360	8	8240	0.00717382	0.00234356	0.00434394	0.00998032	1030	0	1030	1030	
2	3	2	7	11	4	11	11330	5	5150	0.0047069	0.00131563	0.00316127	0.00597946	1030	0	1030	1030	
2	3	2	8	12	4	11	11330	5	5150	0.00570605	0.00131563	0.00416042	0.00697861	1030	0	1030	1030	
2	3	2	9	14	4	13	13390	3	3090	0.00364442	0.000367403	0.00325048	0.00397775	1030	0	1030	1030	
2	3	2	10	10	4	13	13390	8	8240	0.0101711	0.00234277	0.00734223	0.0129769	1030	0	1030	1030	
2	3	23	11	10	4	14	14420	14	14420	0.00983427	0.00638966	0.00315785	0.0187968	1030	0	1030	1030	
2	3	23	12	7	4	14	14420	14	14420	0.0168334	0.00436982	0.0107025	0.0227959	1030	0	1030	1030	
2	3	23	13	4	4	14	14420	14	14420	0.0174754	0.00409703	0.0109743	0.0236132	1030	0	1030	1030	
2	3	23	14	5	4	14	14420	14	14420	0.0174031	0.00302127	0.0126124	0.0217942	1030	0	1030	1030	
2	3	23	15	8	4	14	14420	14	14420	0.0174023	0.00490389	0.0100678	0.0257933	1030	0	1030	1030	
2	3	23	16	1	4	14	14420	14	14420	0.0164728	0.00443759	0.010428	0.0226107	1030	0	1030	1030	
2	3	23	17	9	4	14	14420	14	14420	0.0146863	0.00358838	0.00569817	0.0197916	1030	0	1030	1030	
2	3	23	18	3	4	14	14420	14	14420	0.016114	0.0029026	0.0116973	0.021609	1030	0	1030	1030	
2	3	23	19	6	4	14	14420	14	14420	0.0166846	0.00265087	0.0108808	0.0206081	1030	0	1030	1030	
2	3	23	20	2	4	14	14420	14	14420	0.0156837	0.00363089	0.00787998	0.0199683	1030	0	1030	1030	
2	3	24	21	4	4	14	14420	14	14420	0.01804	0.00643689	0.0116947	0.0318791	1030	0	1030	1030	
2	3	24	22	3	4	14	14420	14	14420	0.0100391	0.00593918	0.00433196	0.0267874	1030	0	1030	1030	
2	3	24	23	8	4	14	14420	14	14420	0.0143954	0.00589816	0.00696577	0.0287865	1030	0	1030	1030	
2	3	24	24	10	4	14	14420	14	14420	0.0102517	0.0059401	0.00369215	0.0206038	1030	0	1030	1030	
2	3	24	25	9	4	14	14420	14	14420	0.0165366	0.00568298	0.0106913	0.0278757	1030	0	1030	1030	
2	3	24	26	5	4	14	14420	14	14420	0.0106071	0.00734851	0.00369047	0.0277839	1030	0	1030	1030	
2	3	24	27	6	4	14	14420	14	14420	0.0126063	0.00530492	0.00568961	0.0243277	1030	0	1030	1030	
2	3	24	28	2	4	14	14420	14	14420	0.00910543	0.00542078	0.00441774	0.0203268	1030	0	1030	1030	
2	3	24	29	1	4	14	14420	14	14420	0.00796172	0.00563322	0.00323336	0.023326	1030	0	1030	1030	
2	3	24	30	7	4	14	14420	14	14420	0.0146037	0.00549021	0.00968705	0.0268714	1030	0	1030	1030	
2	3	22	31	150	4	14	14420	13	13390	0.0333314	0.0151454	0.0112316	0.0519589	1030	0	1030	1030	
2	3	24	32	30	4	14	14420	9	9270	0.0744236	0.0488295	0.0222308	0.127597	1030	0	1030	1030	
2	3	14	33	1	4	68	70040	50	51500	0.133489	0.0430998	0.0127256	0.194544	1030	0	1030	1030	
2	3	13	34	1	4	14	14420	3	3090	0.103413	0.000241491	0.103139	0.103596	1030	0	1030	1030	
2	3	22	35	151	4	137	141110	76	78280	0.0830735	0.0402776	0.00363463	0.158089	1030	0	1030	1030	
2	3	22	36	152	4	14	14420	10	10300	0.0441758	0.0413888	0.0174126	0.121052	1030	0	1030	1030	
2	3	22	37	94	4	14	14420	14	14420	0.0167423	0.0040069	0.0114117	0.0235944	1030	0	1030	1030	
2	3	24	38	31	4	68	70040	13	13390	0.0537177	0.00947452	0.043452	0.0709065	1030	0	1030	1030	
2	3	22	39	85	4	14	14420	14	14420	0.0144557	0.00292169	0.0104109	0.0200498	1030	0	1030	1030	
2	3	22	40	153	4	137	141110	66	67980	0.0752471	0.0370636	0.00317923	0.158809	1030	0	1030	1030	
2	3	22	41	88	4	14	14420	14	14420	0.0112406	0.00565019	0.00486543	0.0215927	1030	0	1030	1030	
2	3	22	42	106	4	14	14420	14	14420	0.0150969	0.0035861	0.00822563	0.0225918	1030	0	1030	1030	
2	3	24	43	32	4	68	70040	52	53560	0.0583777	0.128372	0.00417838	0.479178	1030	0	1030	1030	
2	3	22	44	154	4	14	14420	14	14420	0.00566744	0.0030783	0.00322477	0.012591	1030	0	1030	1030	
2	3	22	45	101	4	137	141110	136	140080	0.0152639	0.0114997	0.00308064	0.054717	1030	0	1030	1030	
2	3	22	46	99	4	14	14420	14	14420	0.00809516	0.00461649	0.00395119	0.0175901	1030	0	1030	1030	
2	3	22	47	108	4	14	14420	14	14420	0.0169514	0.00319746	0.0114958	0.0245893	1030	0	1030	1030	
2	3	22	48	105	4	68	70040	67	69010	0.017993	0.0122869	0.00335936	0.044723	1030	0	1030	1030	
2	3	22	49	155	4	14	14420	9	9270	0.0408593	0.047876	0.0102222	0.125677	1030	0	1030	1030	
2	3	22	50	107	4	137	141110	134	138020	0.0209875	0.0126398	0.00445026	0.0567161	1030	0	1030	1030	
2	3	22	51	102	4	14	14420	14	14420	0.0107354	0.00429057	0.00494862	0.0195876	1030	0	1030	1030	
2	3	23	52	11	4	14	14420	14	14420	0.0165203	0.0048239	0.0102205	0.0229478	1030	0	1030	1030	
2	3	23	53	17	4	68	70040	48	49440	0.0432846	0.0472354	0.00490395	0.178449	1030	0	1030	1030	
2	3	24	54	33	4	14	14420	10	10300	0.0672473	0.0821758	0.00485858	0.23922	1030	0	1030	1030	
2	3	24	55	34	4	137	141110	55	56650	0.16263	0.131514	0.00526074	0.396722	1030	0	1030	1030	
2	3	22	56	156	4	14	14420	9	9270	0.0612498	0.0534561	0.00512789	0.133128	1030	0	1030	1030	
2	3	24	57	19	4	14	14420	14	14420	0.0205892	0.00835155	0.0112179	0.0368569	1030	0	1030	1030	
2	3	24	58	35	4	68	70040	24	24720	0.0673728	0.138843	0.00308492	0.392539	1030	0	1030	1030	
2	3	14	59	2	4	14	14420	11	11330	0.0291522	0.0253835	0.0104898	0.103672	1030	0	1030	1030	
2	3	22	60	146	4	137	141110	6	6180	0.368022	0.0442364	0.329267	0.427987	1030	0	1030	1030	
2	3	22	61	157	4	14	14420	7	7210	0.0981649	0.0430733	0.0232162	0.124398	1030	0	1030	1030	
2	3	22	62	158	4	14	14420	12	12360	0.0211712	0.00559693	0.013308	0.0356699	1030	0	1030	1030	
2	3	22	63	159	4	68	70040	55	56650	0.0816638	0.0553875	0.00581131	0.209448	1030	0	1030	1030	
2	3	22	64	160	4	14	14420	10	10300	0.0776335	0.0509636	0.0079418	0.126037	1030	0	1030	1030	
2	3	22	65	161	4	137	141110	6	6180	0.0297885	0.0268254	0.00426589	0.0584409	1030	0	1030	1030	
2	3	22	66	147	4	14	14420	4	4120	0.143964	0.0303338	0.103668	0.175486	1030	0	1030	1030	
2	3	22	67	148	4	14	14420	11	11330	0.0541227	0.0404813	0.0223963	0.130667	1030	0	1030	1030	
2	3	22	68	149	4	68	70040	14	14420	0.181694	0.0580452	0.125447	0.29081	1030	0	1030	1030	
2	3	23	69	16	4	14	14420	0	0	0	0	0	0	0	0	0	0	
2	3	24	70	14	4	137	141110	136	140080	0.0226861	0.0161356	0.00408321	0.0672582	1030	0	1030	1030	
3	4	2	1	8	4	14	14420	13	13390	0.0121664	0.000633117	0.0110755	0.0129846	1030	0	1030	1030	
3	4	2	2	7	4	14	14420	13	13390	0.0111656	0.000633117	0.0100747	0.0119838	1030	0	1030	1030	
3	4	2	3	13	4	14	14420	13	13390	0.01792	0.0282898	0.00707381	0.108528	1030	0	1030	1030	
3	4	2	4	15	4	14	14420	14	14420	0.00515738	0.000608764	0.00407295	0.00598206	1030	0	1030	1030	
3	4	2	5	2	4	14	14420	14	14420	0.00915652	0.000608764	0.0080721	0.0099812	1030	0	1030	1030	
3	4	2	6	3	4	14	14420	13	13390	0.0101622	0.000633117	0.00907124	0.0109803	1030	0	1030	1030	
3	4	2	7	11	4	14	14420	14	14420	0.00615481	0.000608764	0.00507038	0.00697949	1030	0	1030	1030	
3	4	2	8	12	4	14	14420	14	14420	0.00715395	0.000608764	0.00606953	0.00797864	1030	0	1030	1030	
3	4	2	9	14	4	14	14420	14	14420	0.0041531	0.000608764	0.00306867	0.00497778	1030	0	1030	1030	
3	4	2	10	10	4	14	14420	13	13390	0.0131587	0.000633117	0.0120678	0.0139769	1030	0	1030	1030	
3	4	23	11	10	4	14	14420	13	13390	0.0108502	0.00619712	0.00397607	0.0181579	1030	0	1030	1030	
3	4	23	12	7	4	14	14420	13	13390	0.019157	0.00438222	0.0130661	0.0245207	1030	0	1030	1030	
3	4	23	13	4	4	14	14420	13	13390	0.0170792	0.00459996	0.0100652	0.0231562	1030	0	1030	1030	
3	4	23	14	5	4	14	14420	13	13390	0.0178476	0.00257813	0.0150644	0.022519	1030	0	1030	1030	
3	4	23	15	8	4	14	14420	13	13390	0.0179237	0.00355508	0.0133363	0.0224272	1030	0	1030	1030	
3	4	23	16	1	4	14	14420	13	13390	0.0162305	0.00419872	0.0104263	0.0221536	1030	0	1030	1030	
3	4	23	17	9	4	14	14420	13	13390	0.0163835	0.00288188	0.00924366	0.0195164	1030	0	1030	1030	
3	4	23	18	3	4	14	14420	13	13390	0.0166134	0.00229368	0.0117882	0.0195155	1030	0	1030	1030	
3	4	23	19	6	4	14	14420	13	13390	0.0186126	0.00347987	0.0136056	0.025242	1030	0	1030	1030	
3	4	23	20	2	4	14	14420	13	13390	0.0158425	0.00333414	0.0110593	0.0215138	1030	0	1030	1030	
3	4	24	21	4	4	14	14420	13	13390	0.0129955	0.000975168	0.0120584	0.0149675	1030	0	1030	1030	
3	4	24	22	3	4	14	14420	14	14420	0.0077134	0.00335733	0.00305757	0.0169667	1030	0	1030	1030	
3	4	24	23	8	4	14	14420	14	14420	0.00878397	0.00224953	0.0069658	0.0156931	1030	0	1030	1030	
3	4	24	24	10	4	14	14420	14	14420	0.00714026	0.00282223	0.0035104	0.0159649	1030	0	1030	1030	
3	4	24	25	9	4	14	14420	13	13390	0.011992	0.000975168	0.011055	0.0139641	1030	0	1030	1030	
3	4	24	26	5	4	14	14420	14	14420	0.00663855	0.0016777	0.00350866	0.00923596	1030	0	1030	1030	
3	4	24	27	6	4	14	14420	14	14420	0.00785198	0.00246351	0.00414418	0.0112351	1030	0	1030	1030	
3	4	24	28	2	4	14	14420	14	14420	0.00427969	0.000931715	0.00314333	0.00623425	1030	0	1030	1030	
3	4	24	29	1	4	14	14420	14	14420	0.00577884	0.00159027	0.00305155	0.00823339	1030	0	1030	1030	
3	4	24	30	7	4	14	14420	13	13390	0.0109878	0.000975168	0.0100507	0.0129598	1030	0	1030	1030	
3	4	22	31	150	4	14	14420	14	14420	0.041933	0.0097153	0.0255044	0.0611408	1030	0	1030	1030	
3	4	22	32	163	4	14	14420	11	11330	0.0253796	0.0135658	0.00877625	0.0584126	1030	0	1030	1030	
3	4	24	33	36	4	69	71070	62	63860	0.0108517	0.00749324	0.00436194	0.0318165	1030	0	1030	1030	
3	4	24	34	37	4	14	14420	2	2060	0.0675936	0.0514259	0.0312299	0.103957	1030	0	1030	1030	
3	4	22	35	151	4	138	142140	68	70040	0.150063	0.0233521	0.0893551	0.192082	1030	0	1030	1030	
3	4	24	36	38	4	14	14420	2	2060	0.0201382	0.000514258	0.0197745	0.0205018	1030	0	1030	1030	
3	4	22	37	94	4	14	14420	14	14420	0.0113451	0.0033212	0.00804645	0.0186828	1030	0	1030	1030	
3	4	24	38	31	4	69	71070	0	0	0	0	0	0	0	0	0	0	
3	4	22	39	85	4	14	14420	14	14420	0.0074157	0.00222979	0.00504559	0.011591	1030	0	1030	1030	
3	4	24	40	39	4	138	142140	17	17510	0.161106	0.0219696	0.137809	0.194718	1030	0	1030	1030	
3	4	22	41	88	4	14	14420	14	14420	0.00770056	0.00187708	0.00522654	0.0126811	1030	0	1030	1030	
3	4	4	42	1	4	14	14420	14	14420	0.00584256	0.00386651	0.00304388	0.0127711	1030	0	1030	1030	
3	4	22	43	164	4	69	71070	34	35020	0.0998094	0.154999	0.0050875	0.484633	1030	0	1030	1030	
3	4	2	44	16	4	14	14420	14	14420	0.00569885	0.00336149	0.00304302	0.0117703	1030	0	1030	1030	
3	4	22	45	101	4	138	142140	140	144200	0.0147899	0.00859714	0.0039966	0.0419057	1030	0	1030	1030	
3	4	22	46	99	4	14	14420	14	14420	0.00376942	0.000634859	0.00304214	0.0047694	1030	0	1030	1030	
3	4	22	47	108	4	14	14420	13	13390	0.0144399	0.00160815	0.0120413	0.0184958	1030	0	1030	1030	
3	4	22	48	105	4	69	71070	70	72100	0.0205503	0.0127501	0.00363213	0.0456321	1030	0	1030	1030	
3	4	23	49	18	4	14	14420	7	7210	0.0295729	0.0407433	0.0130404	0.12195	1030	0	1030	1030	
3	4	22	50	107	4	138	142140	140	144200	0.0243676	0.0150966	0.00363213	0.0619048	1030	0	1030	1030	
3	4	22	51	102	4	14	14420	14	14420	0.00476685	0.000634859	0.00403957	0.00576684	1030	0	1030	1030	
3	4	23	52	11	4	14	14420	13	13390	0.0168219	0.00589387	0.0102206	0.0264933	1030	0	1030	1030	
3	4	23	53	17	4	69	71070	39	40170	0.153834	0.0317226	0.0948131	0.214813	1030	0	1030	1030	
3	4	22	54	165	4	14	14420	12	12360	0.04525	0.0500292	0.0150379	0.168947	1030	0	1030	1030	
3	4	24	55	34	4	138	142140	124	127720	0.0569115	0.0294871	0.0079949	0.136995	1030	0	1030	1030	
3	4	24	56	40	4	14	14420	11	11330	0.0325659	0.0105503	0.0179461	0.053037	1030	0	1030	1030	
3	4	24	57	19	4	14	14420	13	13390	0.017204	0.00294529	0.0147634	0.025218	1030	0	1030	1030	
3	4	24	58	35	4	69	71070	68	70040	0.00725607	0.00641133	0.00308493	0.0265395	1030	0	1030	1030	
3	4	24	59	41	4	14	14420	7	7210	0.046321	0.0400031	0.00376256	0.103308	1030	0	1030	1030	
3	4	14	60	3	4	138	142140	21	21630	0.318522	0.250653	0.00378571	0.697812	1030	0	1030	1030	
3	4	23	61	19	4	14	14420	10	10300	0.0387163	0.00668748	0.028489	0.0461254	1030	0	1030	1030	
3	4	22	62	158	4	14	14420	8	8240	0.130431	0.0420785	0.0662154	0.200488	1030	0	1030	1030	
3	4	24	63	42	4	69	71070	30	30900	0.218005	0.18444	0.0050841	0.464084	1030	0	1030	1030	
3	4	22	64	160	4	14	14420	13	13390	0.0301236	0.00605587	0.0214873	0.0386691	1030	0	1030	1030	
3	4	22	65	161	4	138	142140	34	35020	0.275255	0.0674024	0.104175	0.356168	1030	0	1030	1030	
3	4	22	66	147	4	14	14420	14	14420	0.080902	0.0230946	0.0397592	0.127396	1030	0	1030	1030	
3	4	14	67	4	4	14	14420	13	13390	0.0341429	0.0118537	0.00303104	0.0524855	1030	0	1030	1030	
3	4	14	68	5	4	69	71070	12	12360	0.475182	0.289054	0.00317416	0.750629	1030	0	1030	1030	
3	4	20	69	1	4	14	14420	12	12360	0.039318	0.0370269	0.00303018	0.141939	1030	0	1030	1030	
3	4	24	70	14	4	138	142140	140	144200	0.0126571	0.00901174	0.00408322	0.0428037	1030	0	1030	1030	
4	5	2	1	8	4	13	13390	14	14420	0.011634	0.000365126	0.0110756	0.0123483	1030	0	1030	1030	
4	5	2	2	7	4	13	13390	14	14420	0.0130617	0.000904792	0.0110747	0.0139838	1030	0	1030	1030	
4	5	2	3	13	4	13	13390	13	13390	0.00852141	0.000281332	0.00807387	0.00898295	1030	0	1030	1030	
4	5	2	4	15	4	13	13390	13	13390	0.00552055	0.000281332	0.00507301	0.00598209	1030	0	1030	1030	
4	5	2	5	2	4	13	13390	13	13390	0.0095197	0.000281332	0.00907216	0.00998123	1030	0	1030	1030	
4	5	2	6	3	4	13	13390	14	14420	0.0104869	0.00029558	0.0100713	0.0109804	1030	0	1030	1030	
4	5	2	7	11	4	13	13390	13	13390	0.00651798	0.000281332	0.00607044	0.00697952	1030	0	1030	1030	
4	5	2	8	12	4	13	13390	13	13390	0.00751713	0.000281332	0.00706959	0.00797867	1030	0	1030	1030	
4	5	2	9	14	4	13	13390	13	13390	0.00451627	0.000281332	0.00406873	0.00497781	1030	0	1030	1030	
4	5	2	10	10	4	13	13390	14	14420	0.0127692	0.000482923	0.0120679	0.013886	1030	0	1030	1030	
4	5	23	11	10	4	13	13390	14	14420	0.00833973	0.00582713	0.00433972	0.0174306	1030	0	1030	1030	
4	5	23	12	7	4	13	13390	14	14420	0.0183389	0.00379698	0.0139752	0.0240661	1030	0	1030	1030	
4	5	23	13	4	4	13	13390	14	14420	0.0181952	0.00388515	0.0110653	0.0228835	1030	0	1030	1030	
4	5	23	14	5	4	13	13390	14	14420	0.0165515	0.00302387	0.0114281	0.0220644	1030	0	1030	1030	
4	5	23	15	8	4	13	13390	14	14420	0.0183363	0.00459068	0.0133363	0.0238818	1030	0	1030	1030	
4	5	23	16	1	4	13	13390	14	14420	0.0156212	0.00494803	0.0100627	0.0218809	1030	0	1030	1030	
4	5	23	17	9	4	13	13390	14	14420	0.0164775	0.00259706	0.0116073	0.01888	1030	0	1030	1030	
4	5	23	18	3	4	13	13390	14	14420	0.017048	0.00262461	0.0112428	0.0216974	1030	0	1030	1030	
4	5	23	19	6	4	13	13390	14	14420	0.0175472	0.00206802	0.0148783	0.021242	1030	0	1030	1030	
4	5	23	20	2	4	13	13390	14	14420	0.0166177	0.00290293	0.0110593	0.0210593	1030	0	1030	1030	
4	5	24	21	4	4	13	13390	14	14420	0.0148312	0.00287032	0.0113312	0.0191493	1030	0	1030	1030	
4	5	24	22	3	4	13	13390	13	13390	0.00927438	0.00588357	0.00433033	0.0221485	1030	0	1030	1030	
4	5	24	23	8	4	13	13390	13	13390	0.0121966	0.00600019	0.00614764	0.0235113	1030	0	1030	1030	
4	5	24	24	10	4	13	13390	13	13390	0.0100419	0.00635387	0.00560132	0.0261468	1030	0	1030	1030	
4	5	24	25	9	4	13	13390	14	14420	0.0134706	0.00240991	0.011055	0.0196005	1030	0	1030	1030	
4	5	24	26	5	4	13	13390	13	13390	0.00827095	0.00455719	0.00314507	0.0185996	1030	0	1030	1030	
4	5	24	27	6	4	13	13390	13	13390	0.0102701	0.00306912	0.00459875	0.0150533	1030	0	1030	1030	
4	5	24	28	2	4	13	13390	13	13390	0.00719232	0.00504097	0.0035979	0.0180525	1030	0	1030	1030	
4	5	24	29	1	4	13	13390	13	13390	0.008653	0.00654666	0.00323342	0.0201425	1030	0	1030	1030	
4	5	24	30	7	4	13	13390	14	14420	0.0124663	0.00240991	0.0100507	0.0185962	1030	0	1030	1030	
4	5	24	31	43	4	13	13390	1	1030	0.0280499	0	0.0280499	0.0280499	1030	0	1030	1030	
4	5	24	32	44	4	13	13390	7	7210	0.0562958	0.04921	0.012049	0.126049	1030	0	1030	1030	
4	5	22	33	167	4	69	71070	33	33990	0.110232	0.0802736	0.00527107	0.241817	1030	0	1030	1030	
4	5	13	34	2	4	13	13390	7	7210	0.0359053	0.047255	0.00304819	0.103866	1030	0	1030	1030	
4	5	24	35	45	4	137	141110	10	10300	0.109486	0.0166928	0.0886279	0.12981	1030	0	1030	1030	
4	5	22	36	168	4	13	13390	11	11330	0.016411	0.00630296	0.00586549	0.0270473	1030	0	1030	1030	
4	5	22	37	94	4	13	13390	13	13390	0.0134171	0.0046746	0.00831917	0.0250465	1030	0	1030	1030	
4	5	24	38	31	4	69	71070	0	0	0	0	0	0	0	0	0	0	
4	5	22	39	85	4	13	13390	13	13390	0.0101855	0.00499871	0.00531832	0.0195002	1030	0	1030	1030	
4	5	22	40	169	4	137	141110	82	84460	0.0597532	0.0386238	0.00345204	0.140725	1030	0	1030	1030	
4	5	22	41	88	4	13	13390	13	13390	0.0101077	0.00552921	0.00622657	0.0224993	1030	0	1030	1030	
4	5	22	42	170	4	13	13390	13	13390	0.00518376	0.00292365	0.0031348	0.0120439	1030	0	1030	1030	
4	5	24	43	46	4	69	71070	53	54590	0.0741659	0.159909	0.00426937	0.538542	1030	0	1030	1030	
4	5	2	44	16	4	13	13390	6	6180	0.0414067	0.0492411	0.00331575	0.103861	1030	0	1030	1030	
4	5	22	45	101	4	137	141110	138	142140	0.0119313	0.00943394	0.00308755	0.0458989	1030	0	1030	1030	
4	5	22	46	99	4	13	13390	13	13390	0.00656666	0.00406087	0.00313309	0.0170422	1030	0	1030	1030	
4	5	22	47	108	4	13	13390	14	14420	0.0160998	0.00377475	0.0125868	0.0244959	1030	0	1030	1030	
4	5	22	48	105	4	69	71070	69	71070	0.0121354	0.00849391	0.00308669	0.0399049	1030	0	1030	1030	
4	5	23	49	18	4	13	13390	6	6180	0.123359	0.000875285	0.122586	0.124677	1030	0	1030	1030	
4	5	22	50	107	4	137	141110	137	141110	0.0166619	0.0114982	0.0040867	0.055898	1030	0	1030	1030	
4	5	22	51	102	4	13	13390	13	13390	0.00848717	0.00526024	0.00413052	0.0184942	1030	0	1030	1030	
4	5	23	52	11	4	13	13390	14	14420	0.0170972	0.00604619	0.0100388	0.0250387	1030	0	1030	1030	
4	5	23	53	17	4	69	71070	40	41200	0.165859	0.0319551	0.103904	0.223904	1030	0	1030	1030	
4	5	22	54	165	4	13	13390	10	10300	0.0556288	0.0398497	0.0242197	0.128402	1030	0	1030	1030	
4	5	22	55	171	4	137	141110	112	115360	0.0528575	0.0352792	0.005079	0.147352	1030	0	1030	1030	
4	5	22	56	172	4	13	13390	8	8240	0.0636393	0.0424825	0.00676433	0.12431	1030	0	1030	1030	
4	5	24	57	19	4	13	13390	14	14420	0.0175946	0.00506397	0.0115817	0.0291271	1030	0	1030	1030	
4	5	24	58	35	4	69	71070	70	72100	0.00979537	0.00862284	0.00308498	0.0386304	1030	0	1030	1030	
4	5	22	59	173	4	13	13390	9	9270	0.045298	0.045277	0.0140353	0.153672	1030	0	1030	1030	
4	5	24	60	47	4	137	141110	83	85490	0.0941692	0.0687858	0.00416906	0.199903	1030	0	1030	1030	
4	5	22	61	174	4	13	13390	7	7210	0.114268	0.0267833	0.05358	0.126307	1030	0	1030	1030	
4	5	22	62	158	4	13	13390	10	10300	0.0833791	0.0406819	0.0505791	0.153761	1030	0	1030	1030	
4	5	22	63	175	4	69	71070	62	63860	0.0189404	0.0125043	0.00544778	0.0593569	1030	0	1030	1030	
4	5	22	64	160	4	13	13390	14	14420	0.0187341	0.00722145	0.0103055	0.0330328	1030	0	1030	1030	
4	5	23	65	20	4	137	141110	50	51500	0.182102	0.0471236	0.0813569	0.319077	1030	0	1030	1030	
4	5	24	66	48	4	13	13390	11	11330	0.0477179	0.0425455	0.00557738	0.12885	1030	0	1030	1030	
4	5	14	67	4	4	13	13390	9	9270	0.0175866	0.0335429	0.00303107	0.103667	1030	0	1030	1030	
4	5	14	68	5	4	69	71070	59	60770	0.0260879	0.0368212	0.00308326	0.130629	1030	0	1030	1030	
4	5	20	69	1	4	13	13390	7	7210	0.068264	0.0447025	0.00321202	0.103667	1030	0	1030	1030	
4	5	22	70	166	4	137	141110	23	23690	0.248819	0.119974	0.00653095	0.449713	1030	0	1030	1030	
5	6	2	1	8	4	14	14420	14	14420	0.0108808	0.000653465	0.0100756	0.0119847	1030	0	1030	1030	
5	6	2	2	7	4	14	14420	14	14420	0.0128799	0.000653465	0.0120748	0.0139838	1030	0	1030	1030	
5	6	2	3	13	4	14	14420	14	14420	0.00787909	0.000653465	0.0070739	0.00898298	1030	0	1030	1030	
5	6	2	4	15	4	14	14420	13	13390	0.0145695	0.028284	0.00407304	0.105164	1030	0	1030	1030	
5	6	2	5	2	4	14	14420	14	14420	0.00887738	0.000653465	0.00807219	0.00998127	1030	0	1030	1030	
5	6	2	6	3	4	14	14420	14	14420	0.00987652	0.000653465	0.00907133	0.0109804	1030	0	1030	1030	
5	6	2	7	11	4	14	14420	14	14420	0.00587566	0.000653465	0.00507047	0.00697955	1030	0	1030	1030	
5	6	2	8	12	4	14	14420	14	14420	0.00687481	0.000653465	0.00606962	0.0079787	1030	0	1030	1030	
5	6	2	9	14	4	14	14420	14	14420	0.00387395	0.000653465	0.00306876	0.00497784	1030	0	1030	1030	
5	6	2	10	10	4	14	14420	14	14420	0.0118731	0.000653465	0.0110679	0.012977	1030	0	1030	1030	
5	6	23	11	10	4	14	14420	14	14420	0.00572938	0.00251061	0.00333978	0.0134307	1030	0	1030	1030	
5	6	23	12	7	4	14	14420	14	14420	0.0161571	0.00349988	0.0113389	0.0218844	1030	0	1030	1030	
5	6	23	13	4	4	14	14420	14	14420	0.0177277	0.00335681	0.0111563	0.0212471	1030	0	1030	1030	
5	6	23	14	5	4	14	14420	14	14420	0.0176554	0.00195426	0.0142463	0.0209736	1030	0	1030	1030	
5	6	23	15	8	4	14	14420	14	14420	0.0175117	0.00347719	0.0120636	0.0221545	1030	0	1030	1030	
5	6	23	16	1	4	14	14420	14	14420	0.0176537	0.00364139	0.0104264	0.0228809	1030	0	1030	1030	
5	6	23	17	9	4	14	14420	14	14420	0.0123671	0.0038281	0.00424372	0.018971	1030	0	1030	1030	
5	6	23	18	3	4	14	14420	14	14420	0.0150091	0.00443326	0.00633379	0.0219701	1030	0	1030	1030	
5	6	23	19	6	4	14	14420	14	14420	0.014794	0.00338755	0.00742382	0.0198784	1030	0	1030	1030	
5	6	23	20	2	4	14	14420	14	14420	0.0170788	0.0013271	0.0148775	0.0192412	1030	0	1030	1030	
5	6	24	21	4	4	14	14420	14	14420	0.0137923	0.00388919	0.00605849	0.0194221	1030	0	1030	1030	
5	6	24	22	3	4	14	14420	14	14420	0.0108628	0.00518811	0.00460309	0.0197849	1030	0	1030	1030	
5	6	24	23	8	4	14	14420	14	14420	0.0147905	0.00338961	0.00751132	0.0222386	1030	0	1030	1030	
5	6	24	24	10	4	14	14420	14	14420	0.0112183	0.00434673	0.00541954	0.0202377	1030	0	1030	1030	
5	6	24	25	9	4	14	14420	14	14420	0.0147888	0.00344284	0.0085096	0.0212369	1030	0	1030	1030	
5	6	24	26	5	4	14	14420	14	14420	0.00950226	0.00464321	0.00350875	0.019236	1030	0	1030	1030	
5	6	24	27	6	4	14	14420	14	14420	0.00664426	0.00316905	0.00305335	0.012417	1030	0	1030	1030	
5	6	24	28	2	4	14	14420	14	14420	0.0107148	0.00419069	0.0040525	0.0156888	1030	0	1030	1030	
5	6	24	29	1	4	14	14420	14	14420	0.0114283	0.004972	0.00514253	0.0207789	1030	0	1030	1030	
5	6	24	30	7	4	14	14420	14	14420	0.011856	0.00398517	0.00505079	0.0177781	1030	0	1030	1030	
5	6	22	31	176	4	14	14420	12	12360	0.0353302	0.027503	0.0157772	0.119414	1030	0	1030	1030	
5	6	20	32	2	4	14	14420	5	5150	0.0490127	0.0510397	0.00323088	0.103776	1030	0	1030	1030	
5	6	14	33	6	4	69	71070	42	43260	0.110037	0.0549787	0.00308929	0.198089	1030	0	1030	1030	
5	6	24	34	49	4	14	14420	2	2060	0.00350274	0.000514258	0.00313911	0.00386638	1030	0	1030	1030	
5	6	24	35	45	4	138	142140	0	0	0	0	0	0	0	0	0	0	
5	6	24	36	50	4	14	14420	2	2060	0.0185019	0.0051426	0.0148655	0.0221383	1030	0	1030	1030	
5	6	22	37	94	4	14	14420	14	14420	0.0149231	0.00381712	0.0104101	0.0232283	1030	0	1030	1030	
5	6	24	38	31	4	69	71070	0	0	0	0	0	0	0	0	0	0	
5	6	22	39	85	4	14	14420	14	14420	0.0135651	0.00455376	0.00713657	0.0212275	1030	0	1030	1030	
5	6	22	40	169	4	138	142140	130	133900	0.045227	0.0192037	0.00680886	0.0897248	1030	0	1030	1030	
5	6	22	41	88	4	14	14420	14	14420	0.0131357	0.00606355	0.00504479	0.0227721	1030	0	1030	1030	
5	6	22	42	170	4	14	14420	14	14420	0.0132777	0.0047131	0.0068621	0.0237712	1030	0	1030	1030	
5	6	24	43	46	4	69	71070	69	71070	0.0118768	0.00739995	0.00508758	0.0279058	1030	0	1030	1030	
5	6	22	44	177	4	14	14420	9	9270	0.0052047	0.00276929	0.00331581	0.0117704	1030	0	1030	1030	
5	6	22	45	101	4	138	142140	138	142140	0.0121138	0.00963991	0.00308758	0.0465421	1030	0	1030	1030	
5	6	22	46	99	4	14	14420	14	14420	0.00720456	0.0043047	0.00386039	0.0187695	1030	0	1030	1030	
5	6	22	47	108	4	14	14420	14	14420	0.0144894	0.00390893	0.00785953	0.0242232	1030	0	1030	1030	
5	6	22	48	105	4	69	71070	69	71070	0.0127745	0.00893145	0.00326856	0.0362685	1030	0	1030	1030	
5	6	22	49	178	4	14	14420	11	11330	0.0382637	0.0427109	0.0113132	0.122131	1030	0	1030	1030	
5	6	22	50	107	4	138	142140	133	136990	0.0155844	0.00981794	0.00408672	0.0517162	1030	0	1030	1030	
5	6	22	51	102	4	14	14420	14	14420	0.00927342	0.00485632	0.0054942	0.0197669	1030	0	1030	1030	
5	6	23	52	11	4	14	14420	14	14420	0.0181297	0.00432559	0.0107661	0.024857	1030	0	1030	1030	
5	6	23	53	17	4	69	71070	42	43260	0.161177	0.0315487	0.0948132	0.223904	1030	0	1030	1030	
5	6	24	54	51	4	14	14420	9	9270	0.0526339	0.0494986	0.00431067	0.135492	1030	0	1030	1030	
5	6	24	55	52	4	138	142140	74	76220	0.0572158	0.0684406	0.00544267	0.244443	1030	0	1030	1030	
5	6	23	56	22	4	14	14420	4	4120	0.0579689	0.0493961	0.0198552	0.128401	1030	0	1030	1030	
5	6	22	57	179	4	14	14420	10	10300	0.0319362	0.0450301	0.0137635	0.159854	1030	0	1030	1030	
5	6	24	58	35	4	69	71070	68	70040	0.00851283	0.00696505	0.00308501	0.0244487	1030	0	1030	1030	
5	6	22	59	173	4	14	14420	14	14420	0.0187691	0.00355673	0.0142172	0.0257626	1030	0	1030	1030	
5	6	14	60	7	4	138	142140	108	111240	0.0234192	0.0315309	0.00408502	0.192267	1030	0	1030	1030	
5	6	22	61	174	4	14	14420	12	12360	0.0378982	0.0281149	0.0226709	0.120035	1030	0	1030	1030	
5	6	24	62	53	4	14	14420	7	7210	0.0705531	0.0633458	0.00485186	0.159397	1030	0	1030	1030	
5	6	22	63	175	4	69	71070	57	58710	0.107601	0.0528763	0.0145387	0.25263	1030	0	1030	1030	
5	6	23	64	23	4	14	14420	12	12360	0.0255177	0.00766301	0.015851	0.0382146	1030	0	1030	1030	
5	6	22	65	180	4	138	142140	1	1030	0.00916824	0	0.00916824	0.00916824	1030	0	1030	1030	
5	6	24	66	48	4	14	14420	14	14420	0.0171943	0.00408635	0.0101228	0.0233956	1030	0	1030	1030	
5	6	24	67	54	4	14	14420	12	12360	0.0142281	0.0291398	0.0030311	0.103395	1030	0	1030	1030	
5	6	22	68	181	4	69	71070	54	55620	0.0419335	0.0449829	0.00408331	0.144992	1030	0	1030	1030	
5	6	23	69	21	4	14	14420	0	0	0	0	0	0	0	0	0	0	
5	6	22	70	166	4	138	142140	44	45320	0.179947	0.0639672	0.0796219	0.327986	1030	0	1030	1030	
6	7	2	1	8	4	14	14420	14	14420	0.0105562	0.00030555	0.0100756	0.0109847	1030	0	1030	1030	
6	7	2	2	7	4	14	14420	13	13390	0.0223895	0.0282798	0.0120748	0.112984	1030	0	1030	1030	
6	7	2	3	13	4	14	14420	14	14420	0.00755445	0.00030555	0.00707393	0.00798304	1030	0	1030	1030	
6	7	2	4	15	4	14	14420	14	14420	0.00455359	0.00030555	0.00407307	0.00498218	1030	0	1030	1030	
6	7	2	5	2	4	14	14420	14	14420	0.00855274	0.00030555	0.00807222	0.00898133	1030	0	1030	1030	
6	7	2	6	3	4	14	14420	14	14420	0.00955188	0.00030555	0.00907136	0.00998047	1030	0	1030	1030	
6	7	2	7	11	4	14	14420	14	14420	0.00555103	0.00030555	0.0050705	0.00597961	1030	0	1030	1030	
6	7	2	8	12	4	14	14420	14	14420	0.00655017	0.00030555	0.00606965	0.00697876	1030	0	1030	1030	
6	7	2	9	14	4	14	14420	14	14420	0.00354931	0.00030555	0.00306879	0.0039779	1030	0	1030	1030	
6	7	2	10	10	4	14	14420	14	14420	0.0115485	0.00030555	0.0110679	0.011977	1030	0	1030	1030	
6	7	23	11	10	4	14	14420	14	14420	0.0135476	0.00514228	0.00533981	0.0187035	1030	0	1030	1030	
6	7	23	12	7	4	14	14420	14	14420	0.0159039	0.00377316	0.0101571	0.0227026	1030	0	1030	1030	
6	7	23	13	4	4	14	14420	14	14420	0.0164745	0.00423616	0.0107926	0.0222472	1030	0	1030	1030	
6	7	23	14	5	4	14	14420	14	14420	0.0164736	0.00326685	0.0105191	0.0207009	1030	0	1030	1030	
6	7	23	15	8	4	14	14420	14	14420	0.0159013	0.0039718	0.0114273	0.0219728	1030	0	1030	1030	
6	7	23	16	1	4	14	14420	14	14420	0.016829	0.00297835	0.0124264	0.0212446	1030	0	1030	1030	
6	7	23	17	9	4	14	14420	14	14420	0.014971	0.003047	0.0110619	0.0196983	1030	0	1030	1030	
6	7	23	18	3	4	14	14420	14	14420	0.016613	0.00362489	0.011152	0.0216975	1030	0	1030	1030	
6	7	23	19	6	4	14	14420	14	14420	0.016255	0.00246807	0.0128784	0.0199693	1030	0	1030	1030	
6	7	23	20	2	4	14	14420	14	14420	0.016397	0.00262765	0.0118776	0.0202412	1030	0	1030	1030	
6	7	24	21	4	4	14	14420	14	14420	0.0118962	0.00139392	0.0102403	0.0146949	1030	0	1030	1030	
6	7	24	22	3	4	14	14420	14	14420	0.00853819	0.00396608	0.00369401	0.020694	1030	0	1030	1030	
6	7	24	23	8	4	14	14420	14	14420	0.00889447	0.00437719	0.00423865	0.0196932	1030	0	1030	1030	
6	7	24	24	10	4	14	14420	14	14420	0.00553647	0.00396431	0.00305595	0.0186923	1030	0	1030	1030	
6	7	24	25	9	4	14	14420	14	14420	0.0139642	0.00156366	0.0122369	0.0176915	1030	0	1030	1030	
6	7	24	26	5	4	14	14420	14	14420	0.00717762	0.00305608	0.00423605	0.0164179	1030	0	1030	1030	
6	7	24	27	6	4	14	14420	14	14420	0.00917676	0.00286719	0.00523519	0.0136898	1030	0	1030	1030	
6	7	24	28	2	4	14	14420	14	14420	0.00767591	0.00197372	0.00532526	0.0126889	1030	0	1030	1030	
6	7	24	29	1	4	14	14420	14	14420	0.00903219	0.00238857	0.00541532	0.0161426	1030	0	1030	1030	
6	7	24	30	7	4	14	14420	14	14420	0.0128885	0.00139392	0.0112326	0.0156872	1030	0	1030	1030	
6	7	22	31	176	4	14	14420	14	14420	0.0278876	0.00715065	0.0174136	0.0486863	1030	0	1030	1030	
6	7	20	32	2	4	14	14420	7	7210	0.0685037	0.0445589	0.00395821	0.103776	1030	0	1030	1030	
6	7	22	33	182	4	68	70040	19	19570	0.185582	0.148088	0.00554387	0.402089	1030	0	1030	1030	
6	7	22	34	183	4	14	14420	13	13390	0.0195805	0.00605685	0.00478571	0.0264119	1030	0	1030	1030	
6	7	24	35	45	4	137	141110	0	0	0	0	0	0	0	0	0	0	
6	7	22	36	184	4	14	14420	12	12360	0.0188959	0.00586159	0.0052292	0.025411	1030	0	1030	1030	
6	7	22	37	94	4	14	14420	14	14420	0.0123128	0.00420372	0.00450108	0.0160465	1030	0	1030	1030	
6	7	22	38	185	4	68	70040	53	54590	0.0203486	0.0110569	0.0033612	0.0426339	1030	0	1030	1030	
6	7	22	39	85	4	14	14420	14	14420	0.0119548	0.00278311	0.00695479	0.0176821	1030	0	1030	1030	
6	7	22	40	169	4	137	141110	90	92700	0.101379	0.0228765	0.0584453	0.147179	1030	0	1030	1030	
6	7	22	41	88	4	14	14420	14	14420	0.00995392	0.0034718	0.00377209	0.0165903	1030	0	1030	1030	
6	7	22	42	170	4	14	14420	14	14420	0.0143816	0.00187988	0.0122258	0.0196803	1030	0	1030	1030	
6	7	22	43	186	4	68	70040	32	32960	0.0727978	0.117305	0.00508762	0.390997	1030	0	1030	1030	
6	7	22	44	177	4	14	14420	14	14420	0.00595221	0.000817798	0.00495219	0.00767949	1030	0	1030	1030	
6	7	22	45	101	4	137	141110	137	141110	0.0131857	0.00976437	0.00308762	0.0446262	1030	0	1030	1030	
6	7	22	46	99	4	14	14420	14	14420	0.00837992	0.00221147	0.00595134	0.0146786	1030	0	1030	1030	
6	7	22	47	108	4	14	14420	14	14420	0.0138791	0.00240025	0.0104959	0.018405	1030	0	1030	1030	
6	7	22	48	105	4	68	70040	68	70040	0.0143354	0.0101538	0.00317767	0.038905	1030	0	1030	1030	
6	7	22	49	178	4	14	14420	14	14420	0.0155925	0.00558657	0.0109496	0.0284042	1030	0	1030	1030	
6	7	22	50	107	4	137	141110	140	144200	0.020271	0.0128971	0.00407991	0.0503595	1030	0	1030	1030	
6	7	22	51	102	4	14	14420	14	14420	0.0107345	0.002394	0.00694877	0.0156761	1030	0	1030	1030	
6	7	23	52	11	4	14	14420	14	14420	0.0160194	0.00455107	0.0102207	0.0229479	1030	0	1030	1030	
6	7	22	53	187	4	68	70040	47	48410	0.0728577	0.0722419	0.00326775	0.214813	1030	0	1030	1030	
6	7	24	54	51	4	14	14420	14	14420	0.0180899	0.00348473	0.0105834	0.0214016	1030	0	1030	1030	
6	7	24	55	52	4	137	141110	120	123600	0.0242635	0.0164248	0.00754044	0.118625	1030	0	1030	1030	
6	7	24	56	56	4	14	14420	1	1030	0.124401	0	0.124401	0.124401	1030	0	1030	1030	
6	7	22	57	179	4	14	14420	2	2060	0.176127	0.00102854	0.1754	0.176854	1030	0	1030	1030	
6	7	24	58	35	4	68	70040	69	71070	0.00948427	0.00816701	0.00308504	0.0297214	1030	0	1030	1030	
6	7	14	59	8	4	14	14420	13	13390	0.0161543	0.00731515	0.00339906	0.0230354	1030	0	1030	1030	
6	7	22	60	188	4	137	141110	46	47380	0.147915	0.0414517	0.0224419	0.201358	1030	0	1030	1030	
6	7	23	61	24	4	14	14420	10	10300	0.0266982	0.00285173	0.0216709	0.0310346	1030	0	1030	1030	
6	7	24	62	53	4	14	14420	14	14420	0.0201571	0.00276031	0.0116701	0.0223973	1030	0	1030	1030	
6	7	24	63	57	4	68	70040	40	41200	0.196956	0.122816	0.00608422	0.35663	1030	0	1030	1030	
6	7	23	64	23	4	14	14420	0	0	0	0	0	0	0	0	0	0	
6	7	24	65	58	4	137	141110	52	53560	0.155685	0.0946155	0.00526604	0.312986	1030	0	1030	1030	
6	7	24	66	48	4	14	14420	14	14420	0.0183696	0.00367695	0.0111229	0.0266684	1030	0	1030	1030	
6	7	22	67	189	4	14	14420	14	14420	0.0221545	0.00454008	0.016213	0.0346675	1030	0	1030	1030	
6	7	24	68	59	4	68	70040	11	11330	0.201133	0.151061	0.00481064	0.410174	1030	0	1030	1030	
6	7	23	69	21	4	14	14420	0	0	0	0	0	0	0	0	0	0	
6	7	24	70	55	4	137	141110	129	132870	0.0127234	0.0106439	0.00408333	0.0529856	1030	0	1030	1030	
7	8	2	1	8	4	14	14420	13	13390	0.0105512	0.000285448	0.0100757	0.0109848	1030	0	1030	1030	
7	8	2	2	7	4	14	14420	13	13390	0.0125503	0.000285448	0.0120748	0.0129839	1030	0	1030	1030	
7	8	2	3	13	4	14	14420	13	13390	0.00754949	0.000285448	0.00707396	0.00798307	1030	0	1030	1030	
7	8	2	4	15	4	14	14420	14	14420	0.00451467	0.000302263	0.0040731	0.00498221	1030	0	1030	1030	
7	8	2	5	2	4	14	14420	14	14420	0.00851382	0.000302263	0.00807225	0.00898135	1030	0	1030	1030	
7	8	2	6	3	4	14	14420	14	14420	0.00951296	0.000302263	0.00907139	0.0099805	1030	0	1030	1030	
7	8	2	7	11	4	14	14420	14	14420	0.0055121	0.000302263	0.00507053	0.00597964	1030	0	1030	1030	
7	8	2	8	12	4	14	14420	14	14420	0.00651125	0.000302263	0.00606968	0.00697879	1030	0	1030	1030	
7	8	2	9	14	4	14	14420	14	14420	0.00351039	0.000302263	0.00306882	0.00397793	1030	0	1030	1030	
7	8	2	10	10	4	14	14420	13	13390	0.0115435	0.000285448	0.011068	0.0119771	1030	0	1030	1030	
7	8	23	11	10	4	14	14420	13	13390	0.0148503	0.0049093	0.00397622	0.0188853	1030	0	1030	1030	
7	8	23	12	7	4	14	14420	13	13390	0.0175418	0.00436824	0.0116117	0.022339	1030	0	1030	1030	
7	8	23	13	4	4	14	14420	13	13390	0.0175409	0.00457328	0.0111563	0.0232472	1030	0	1030	1030	
7	8	23	14	5	4	14	14420	13	13390	0.016617	0.00312183	0.0105191	0.0210645	1030	0	1030	1030	
7	8	23	15	8	4	14	14420	13	13390	0.01677	0.00365227	0.0117001	0.0229728	1030	0	1030	1030	
7	8	23	16	1	4	14	14420	13	13390	0.0163845	0.00439033	0.0104265	0.0212447	1030	0	1030	1030	
7	8	23	17	9	4	14	14420	13	13390	0.0166914	0.00218544	0.0136074	0.0198802	1030	0	1030	1030	
7	8	23	18	3	4	14	14420	13	13390	0.0156905	0.00378439	0.010152	0.0208793	1030	0	1030	1030	
7	8	23	19	6	4	14	14420	13	13390	0.0166127	0.00332398	0.0114239	0.0219694	1030	0	1030	1030	
7	8	23	20	2	4	14	14420	13	13390	0.0163042	0.00367787	0.0103321	0.0218776	1030	0	1030	1030	
7	8	24	21	4	4	14	14420	13	13390	0.010611	0.000330839	0.0100585	0.0112404	1030	0	1030	1030	
7	8	24	22	3	4	14	14420	14	14420	0.00464212	0.000505175	0.00405769	0.00569407	1030	0	1030	1030	
7	8	24	23	8	4	14	14420	14	14420	0.00792698	0.00145443	0.00551138	0.00978414	1030	0	1030	1030	
7	8	24	24	10	4	14	14420	14	14420	0.00442612	0.00139679	0.00305598	0.00723782	1030	0	1030	1030	
7	8	24	25	9	4	14	14420	13	13390	0.0126845	0.000539698	0.0120551	0.014237	1030	0	1030	1030	
7	8	24	26	5	4	14	14420	14	14420	0.00621013	0.00115677	0.00469065	0.00850884	1030	0	1030	1030	
7	8	24	27	6	4	14	14420	14	14420	0.00892356	0.00153398	0.00450798	0.0102353	1030	0	1030	1030	
7	8	24	28	2	4	14	14420	14	14420	0.00663698	0.00221326	0.00305259	0.00887075	1030	0	1030	1030	
7	8	24	29	1	4	14	14420	14	14420	0.00720756	0.000772569	0.00614262	0.008779	1030	0	1030	1030	
7	8	24	30	7	4	14	14420	13	13390	0.0116802	0.000539698	0.0110508	0.0132327	1030	0	1030	1030	
7	8	22	31	176	4	14	14420	13	13390	0.0262948	0.00300698	0.02305	0.0317773	1030	0	1030	1030	
7	8	22	32	190	4	14	14420	11	11330	0.0260491	0.00505065	0.0203219	0.0380491	1030	0	1030	1030	
7	8	24	33	60	4	69	71070	65	66950	0.0334628	0.0633558	0.00436209	0.342726	1030	0	1030	1030	
7	8	24	34	61	4	14	14420	1	1030	0.0195028	0	0.0195028	0.0195028	1030	0	1030	1030	
7	8	24	35	45	4	138	142140	0	0	0	0	0	0	0	0	0	0	
7	8	22	36	184	4	14	14420	13	13390	0.0166768	0.00231341	0.0132293	0.0197747	1030	0	1030	1030	
7	8	22	37	94	4	14	14420	14	14420	0.00948814	0.00242807	0.00586476	0.0135011	1030	0	1030	1030	
7	8	22	38	185	4	69	71070	70	72100	0.0143379	0.010672	0.00336125	0.0388158	1030	0	1030	1030	
7	8	22	39	85	4	14	14420	14	14420	0.0104159	0.00182254	0.00804571	0.013773	1030	0	1030	1030	
7	8	22	40	169	4	138	142140	116	119480	0.076571	0.0134232	0.0528158	0.114263	1030	0	1030	1030	
7	8	22	41	88	4	14	14420	14	14420	0.00898642	0.00334033	0.00504485	0.0167721	1030	0	1030	1030	
7	8	22	42	170	4	14	14420	13	13390	0.0111349	0.00160234	0.00622584	0.0124986	1030	0	1030	1030	
7	8	22	43	186	4	69	71070	26	26780	0.371693	0.0339711	0.306997	0.444542	1030	0	1030	1030	
7	8	22	44	177	4	14	14420	14	14420	0.00398471	0.000588738	0.00304314	0.00477044	1030	0	1030	1030	
7	8	22	45	101	4	138	142140	137	141110	0.0111141	0.00843297	0.00308767	0.0378081	1030	0	1030	1030	
7	8	22	46	99	4	14	14420	14	14420	0.00519814	0.000921202	0.00404229	0.00776959	1030	0	1030	1030	
7	8	22	47	108	4	14	14420	13	13390	0.0149016	0.0025618	0.0101323	0.0178596	1030	0	1030	1030	
7	8	22	48	105	4	69	71070	69	71070	0.0127139	0.00881444	0.00308679	0.0348141	1030	0	1030	1030	
7	8	22	49	178	4	14	14420	13	13390	0.0152853	0.00273796	0.0114951	0.022677	1030	0	1030	1030	
7	8	22	50	107	4	138	142140	140	144200	0.0157464	0.011168	0.00308679	0.0468072	1030	0	1030	1030	
7	8	22	51	102	4	14	14420	14	14420	0.00733843	0.00242849	0.00522156	0.014767	1030	0	1030	1030	
7	8	23	52	11	4	14	14420	13	13390	0.0161298	0.00482018	0.0107662	0.023948	1030	0	1030	1030	
7	8	23	53	25	4	69	71070	47	48410	0.036467	0.050794	0.00317685	0.203995	1030	0	1030	1030	
7	8	22	54	191	4	14	14420	13	13390	0.0213597	0.00635581	0.0166744	0.0337653	1030	0	1030	1030	
7	8	24	55	52	4	138	142140	50	51500	0.198807	0.0188584	0.148359	0.241443	1030	0	1030	1030	
7	8	23	56	26	4	14	14420	9	9270	0.0548654	0.041579	0.0206735	0.126946	1030	0	1030	1030	
7	8	22	57	179	4	14	14420	0	0	0	0	0	0	0	0	0	0	
7	8	24	58	35	4	69	71070	68	70040	0.00832975	0.00724981	0.00308508	0.0268124	1030	0	1030	1030	
7	8	24	59	62	4	14	14420	6	6180	0.0513385	0.0429829	0.00312636	0.103581	1030	0	1030	1030	
7	8	22	60	188	4	138	142140	28	28840	0.322284	0.0738697	0.233994	0.514358	1030	0	1030	1030	
7	8	22	61	192	4	14	14420	3	3090	0.12158	0.00018181	0.121398	0.121762	1030	0	1030	1030	
7	8	24	62	53	4	14	14420	13	13390	0.0183554	0.000962529	0.0166701	0.0202156	1030	0	1030	1030	
7	8	24	63	57	4	69	71070	49	50470	0.147426	0.0638241	0.0246297	0.257539	1030	0	1030	1030	
7	8	22	64	193	4	14	14420	1	1030	0.00976017	0	0.00976017	0.00976017	1030	0	1030	1030	
7	8	24	65	58	4	138	142140	48	49440	0.188094	0.0517314	0.0570842	0.261266	1030	0	1030	1030	
7	8	24	66	48	4	14	14420	13	13390	0.0164306	0.000647668	0.0156684	0.0182139	1030	0	1030	1030	
7	8	22	67	189	4	14	14420	11	11330	0.0410229	0.0375715	0.0204857	0.145577	1030	0	1030	1030	
7	8	24	68	59	4	69	71070	68	70040	0.015681	0.0074479	0.00417427	0.0313561	1030	0	1030	1030	
7	8	20	69	3	4	14	14420	1	1030	0.00303033	0	0.00303033	0.00303033	1030	0	1030	1030	
7	8	24	70	55	4	138	142140	104	107120	0.0906139	0.0154059	0.051447	0.124629	1030	0	1030	1030	
8	9	2	1	8	4	13	13390	14	14420	0.0104913	0.00029558	0.0100757	0.0109848	1030	0	1030	1030	
8	9	2	2	7	4	13	13390	14	14420	0.0124904	0.00029558	0.0120748	0.012984	1030	0	1030	1030	
8	9	2	3	13	4	13	13390	13	13390	0.0172908	0.0280766	0.00707402	0.107347	1030	0	1030	1030	
8	9	2	4	15	4	13	13390	10	10300	0.0145004	0.0314738	0.00416405	0.104073	1030	0	1030	1030	
8	9	2	5	2	4	13	13390	13	13390	0.00851985	0.000281332	0.00807231	0.00898138	1030	0	1030	1030	
8	9	2	6	3	4	13	13390	13	13390	0.00951899	0.000281332	0.00907145	0.00998053	1030	0	1030	1030	
8	9	2	7	11	4	13	13390	13	13390	0.00551813	0.000281332	0.00507059	0.00597967	1030	0	1030	1030	
8	9	2	8	12	4	13	13390	13	13390	0.00651728	0.000281332	0.00606974	0.00697882	1030	0	1030	1030	
8	9	2	9	14	4	13	13390	13	13390	0.00351642	0.000281332	0.00306888	0.00397796	1030	0	1030	1030	
8	9	2	10	10	4	13	13390	14	14420	0.0114836	0.00029558	0.011068	0.0119771	1030	0	1030	1030	
8	9	23	11	10	4	13	13390	14	14420	0.0153399	0.00468119	0.00488533	0.0196126	1030	0	1030	1030	
8	9	23	12	7	4	13	13390	14	14420	0.0176962	0.0046054	0.0110663	0.0232481	1030	0	1030	1030	
8	9	23	13	4	4	13	13390	14	14420	0.0180525	0.00533039	0.0111563	0.0266109	1030	0	1030	1030	
8	9	23	14	5	4	13	13390	14	14420	0.0170516	0.00402011	0.0105191	0.0236101	1030	0	1030	1030	
8	9	23	15	8	4	13	13390	14	14420	0.0186222	0.00568341	0.0107001	0.0276092	1030	0	1030	1030	
8	9	23	16	1	4	13	13390	14	14420	0.0163356	0.00486721	0.0100629	0.0222447	1030	0	1030	1030	
8	9	23	17	9	4	13	13390	14	14420	0.0164062	0.00377686	0.00624384	0.0206075	1030	0	1030	1030	
8	9	23	18	3	4	13	13390	14	14420	0.0157625	0.00257388	0.0114248	0.0197884	1030	0	1030	1030	
8	9	23	19	6	4	13	13390	14	14420	0.0184045	0.00265479	0.0137876	0.0226058	1030	0	1030	1030	
8	9	23	20	2	4	13	13390	14	14420	0.0176179	0.00206378	0.0143322	0.0207867	1030	0	1030	1030	
8	9	24	21	4	4	13	13390	14	14420	0.0102599	0.00123993	0.00624042	0.0117859	1030	0	1030	1030	
8	9	24	22	3	4	13	13390	13	13390	0.00642837	0.0015137	0.00414864	0.00878502	1030	0	1030	1030	
8	9	24	23	8	4	13	13390	13	13390	0.0090429	0.00309822	0.0040569	0.0157842	1030	0	1030	1030	
8	9	24	24	10	4	13	13390	13	13390	0.00550358	0.000827769	0.00423785	0.0068742	1030	0	1030	1030	
8	9	24	25	9	4	13	13390	14	14420	0.0127565	0.000706373	0.0120552	0.0147825	1030	0	1030	1030	
8	9	24	26	5	4	13	13390	13	13390	0.00688649	0.00062196	0.00596341	0.00787249	1030	0	1030	1030	
8	9	24	27	6	4	13	13390	13	13390	0.00734717	0.00193993	0.00432617	0.00978074	1030	0	1030	1030	
8	9	24	28	2	4	13	13390	13	13390	0.00373093	0.000729747	0.00305262	0.00577989	1030	0	1030	1030	
8	9	24	29	1	4	13	13390	13	13390	0.00888392	0.000702071	0.00805176	0.010779	1030	0	1030	1030	
8	9	24	30	7	4	13	13390	14	14420	0.0116093	0.000522671	0.0110509	0.0127782	1030	0	1030	1030	
8	9	23	31	27	4	13	13390	4	4120	0.100414	0.0462567	0.03105	0.124959	1030	0	1030	1030	
8	9	20	32	4	4	13	13390	9	9270	0.0458977	0.0450257	0.00332189	0.103958	1030	0	1030	1030	
8	9	24	33	60	4	69	71070	69	71070	0.0385874	0.0168487	0.0107258	0.0769985	1030	0	1030	1030	
8	9	22	34	194	4	13	13390	12	12360	0.0146771	0.00393132	0.00359377	0.0197756	1030	0	1030	1030	
8	9	24	35	45	4	137	141110	0	0	0	0	0	0	0	0	0	0	
8	9	22	36	184	4	13	13390	14	14420	0.0171773	0.00158775	0.0152293	0.0207748	1030	0	1030	1030	
8	9	22	37	94	4	13	13390	13	13390	0.00910955	0.00385094	0.00404662	0.0175012	1030	0	1030	1030	
8	9	24	38	63	4	69	71070	14	14420	0.0176145	0.0121744	0.00317945	0.0380885	1030	0	1030	1030	
8	9	22	39	85	4	13	13390	13	13390	0.0101856	0.00150326	0.00804577	0.012773	1030	0	1030	1030	
8	9	24	40	64	4	137	141110	27	27810	0.0791826	0.0164542	0.0535431	0.113809	1030	0	1030	1030	
8	9	22	41	88	4	13	13390	13	13390	0.00956938	0.00131643	0.00722672	0.011954	1030	0	1030	1030	
8	9	22	42	170	4	13	13390	14	14420	0.00910249	0.00293706	0.00340768	0.0128622	1030	0	1030	1030	
8	9	24	43	65	4	69	71070	56	57680	0.0770466	0.133353	0.00436043	0.443724	1030	0	1030	1030	
8	9	22	44	177	4	13	13390	13	13390	0.00418305	0.000827067	0.0030432	0.00595228	1030	0	1030	1030	
8	9	22	45	101	4	137	141110	138	142140	0.012917	0.0102731	0.0030877	0.0393536	1030	0	1030	1030	
8	9	22	46	99	4	13	13390	13	13390	0.00541296	0.000922969	0.00413323	0.00695143	1030	0	1030	1030	
8	9	22	47	108	4	13	13390	14	14420	0.0138856	0.00256298	0.0100415	0.0174051	1030	0	1030	1030	
8	9	22	48	105	4	69	71070	70	72100	0.0133829	0.00995022	0.00308684	0.0353596	1030	0	1030	1030	
8	9	23	49	28	4	13	13390	9	9270	0.0387881	0.0481543	0.0103133	0.123768	1030	0	1030	1030	
8	9	22	50	107	4	137	141110	139	143170	0.0144307	0.0111236	0.00308685	0.0443527	1030	0	1030	1030	
8	9	22	51	102	4	13	13390	13	13390	0.00733347	0.00245683	0.00513067	0.014767	1030	0	1030	1030	
8	9	23	52	11	4	13	13390	14	14420	0.0186688	0.00684238	0.0101298	0.0295844	1030	0	1030	1030	
8	9	22	53	195	4	69	71070	51	52530	0.0786243	0.0779189	0.00317691	0.213086	1030	0	1030	1030	
8	9	24	54	66	4	13	13390	12	12360	0.0277047	0.0114555	0.0144926	0.0559471	1030	0	1030	1030	
8	9	22	55	196	4	137	141110	60	61800	0.119876	0.0899756	0.00581327	0.25217	1030	0	1030	1030	
8	9	22	56	197	4	13	13390	3	3090	0.0281281	0.0195353	0.0150372	0.0505827	1030	0	1030	1030	
8	9	24	57	67	4	13	13390	4	4120	0.0156727	0.00158679	0.0137636	0.0173091	1030	0	1030	1030	
8	9	24	58	35	4	69	71070	70	72100	0.00852409	0.00721726	0.00308513	0.0248124	1030	0	1030	1030	
8	9	24	59	62	4	13	13390	10	10300	0.0483082	0.0384244	0.0211264	0.146308	1030	0	1030	1030	
8	9	24	60	68	4	137	141110	77	79310	0.106172	0.0855781	0.00416921	0.372806	1030	0	1030	1030	
8	9	23	61	29	4	13	13390	12	12360	0.0359286	0.0259469	0.0243073	0.116762	1030	0	1030	1030	
8	9	24	62	53	4	13	13390	14	14420	0.0176636	0.0016662	0.0160338	0.0207611	1030	0	1030	1030	
8	9	22	63	198	4	69	71070	43	44290	0.172972	0.0791508	0.00544793	0.262448	1030	0	1030	1030	
8	9	22	64	193	4	13	13390	14	14420	0.0249485	0.00372761	0.0150329	0.0303057	1030	0	1030	1030	
8	9	22	65	199	4	137	141110	45	46350	0.18206	0.104313	0.00578571	0.322532	1030	0	1030	1030	
8	9	22	66	200	4	13	13390	14	14420	0.0166619	0.0016662	0.015032	0.0197593	1030	0	1030	1030	
8	9	22	67	189	4	13	13390	13	13390	0.0367445	0.0259509	0.0230312	0.120849	1030	0	1030	1030	
8	9	14	68	9	4	69	71070	67	69010	0.0220478	0.0175293	0.00344708	0.0999016	1030	0	1030	1030	
8	9	20	69	3	4	13	13390	8	8240	0.0488372	0.0474312	0.00430306	0.104939	1030	0	1030	1030	
8	9	24	70	55	4	137	141110	99	101970	0.0990945	0.0177266	0.0533562	0.135629	1030	0	1030	1030	
9	10	2	1	8	4	14	14420	14	14420	0.0113095	0.000532144	0.0101666	0.0119848	1030	0	1030	1030	
9	10	2	2	7	4	14	14420	13	13390	0.0155294	0.0279077	0.0040749	0.104711	1030	0	1030	1030	
9	10	2	3	13	4	14	14420	14	14420	0.00830781	0.000532144	0.00716494	0.00898313	1030	0	1030	1030	
9	10	2	4	15	4	14	14420	15	15450	0.0137277	0.0260623	0.00416408	0.104619	1030	0	1030	1030	
9	10	2	5	2	4	14	14420	14	14420	0.0093061	0.000532144	0.00816322	0.00998142	1030	0	1030	1030	
9	10	2	6	3	4	14	14420	14	14420	0.0103052	0.000532144	0.00916237	0.0109806	1030	0	1030	1030	
9	10	2	7	11	4	14	14420	14	14420	0.00630439	0.000532144	0.00516151	0.0069797	1030	0	1030	1030	
9	10	2	8	12	4	14	14420	14	14420	0.00730353	0.000532144	0.00616066	0.00797885	1030	0	1030	1030	
9	10	2	9	14	4	14	14420	14	14420	0.00351696	0.000301434	0.00306891	0.00397799	1030	0	1030	1030	
9	10	2	10	10	4	14	14420	14	14420	0.0123018	0.000532144	0.0111589	0.0129771	1030	0	1030	1030	
9	10	23	11	10	4	14	14420	14	14420	0.0149438	0.00527267	0.00488539	0.0191581	1030	0	1030	1030	
9	10	23	12	7	4	14	14420	14	14420	0.0180144	0.00509798	0.0107936	0.0258845	1030	0	1030	1030	
9	10	23	13	4	4	14	14420	14	14420	0.016585	0.00447006	0.0110655	0.0221564	1030	0	1030	1030	
9	10	23	14	5	4	14	14420	14	14420	0.016727	0.00282019	0.0128828	0.0211555	1030	0	1030	1030	
9	10	23	15	8	4	14	14420	14	14420	0.0172261	0.00481246	0.0115183	0.0231547	1030	0	1030	1030	
9	10	23	16	1	4	14	14420	14	14420	0.0177967	0.00470158	0.0112447	0.0234265	1030	0	1030	1030	
9	10	23	17	9	4	14	14420	14	14420	0.016653	0.00267615	0.012153	0.0198802	1030	0	1030	1030	
9	10	23	18	3	4	14	14420	14	14420	0.0170093	0.00323064	0.0117885	0.0208794	1030	0	1030	1030	
9	10	23	19	6	4	14	14420	14	14420	0.016937	0.0024829	0.0135149	0.0201512	1030	0	1030	1030	
9	10	23	20	2	4	14	14420	14	14420	0.0182933	0.0032263	0.0127868	0.0224231	1030	0	1030	1030	
9	10	24	21	4	4	14	14420	14	14420	0.0115067	0.0014652	0.00905864	0.0137859	1030	0	1030	1030	
9	10	24	22	3	4	14	14420	14	14420	0.00807726	0.00115223	0.00623959	0.0100578	1030	0	1030	1030	
9	10	24	23	8	4	14	14420	14	14420	0.00843355	0.00407368	0.00451147	0.0192387	1030	0	1030	1030	
9	10	24	24	10	4	14	14420	14	14420	0.00543269	0.00083233	0.00423788	0.00741972	1030	0	1030	1030	
9	10	24	25	9	4	14	14420	14	14420	0.0140033	0.00224775	0.0120552	0.0197825	1030	0	1030	1030	
9	10	24	26	5	4	14	14420	14	14420	0.00678812	0.00091985	0.00523617	0.00841801	1030	0	1030	1030	
9	10	24	27	6	4	14	14420	14	14420	0.00971584	0.00223661	0.00487169	0.0127808	1030	0	1030	1030	
9	10	24	28	2	4	14	14420	14	14420	0.00378641	0.000608756	0.00305265	0.0054163	1030	0	1030	1030	
9	10	24	29	1	4	14	14420	14	14420	0.00792841	0.00422576	0.00405179	0.0207791	1030	0	1030	1030	
9	10	24	30	7	4	14	14420	14	14420	0.0125704	0.00135706	0.0110509	0.0147782	1030	0	1030	1030	
9	10	24	31	69	4	14	14420	0	0	0	0	0	0	0	0	0	0	
9	10	24	32	70	4	14	14420	12	12360	0.0364735	0.0341003	0.00386738	0.134231	1030	0	1030	1030	
9	10	14	33	10	4	69	71070	36	37080	0.0992544	0.0691187	0.00308944	0.192453	1030	0	1030	1030	
9	10	13	34	3	4	14	14420	6	6180	0.0242605	0.0392599	0.00341199	0.103503	1030	0	1030	1030	
9	10	24	35	45	4	138	142140	0	0	0	0	0	0	0	0	0	0	
9	10	24	36	71	4	14	14420	2	2060	0.016502	0.00192847	0.0151384	0.0178657	1030	0	1030	1030	
9	10	22	37	94	4	14	14420	14	14420	0.0114233	0.00440523	0.00413758	0.0188648	1030	0	1030	1030	
9	10	24	38	63	4	69	71070	0	0	0	0	0	0	0	0	0	0	
9	10	22	39	85	4	14	14420	14	14420	0.0109224	0.00268845	0.00713669	0.0162276	1030	0	1030	1030	
9	10	22	40	201	4	138	142140	83	85490	0.0472725	0.0309031	0.00308174	0.1129	1030	0	1030	1030	
9	10	22	41	88	4	14	14420	14	14420	0.0101358	0.00311059	0.00504494	0.0168631	1030	0	1030	1030	
9	10	22	42	170	4	14	14420	14	14420	0.0112064	0.00370206	0.00713501	0.0189532	1030	0	1030	1030	
9	10	24	43	65	4	69	71070	68	70040	0.0137655	0.0101248	0.00508773	0.0392696	1030	0	1030	1030	
9	10	22	44	177	4	14	14420	14	14420	0.00456271	0.000898142	0.00322504	0.00631596	1030	0	1030	1030	
9	10	22	45	101	4	138	142140	138	142140	0.0118821	0.0093703	0.00317864	0.0426264	1030	0	1030	1030	
9	10	22	46	99	4	14	14420	14	14420	0.00570471	0.000928765	0.00422419	0.00731511	1030	0	1030	1030	
9	10	22	47	108	4	14	14420	14	14420	0.0129896	0.00221643	0.0101324	0.0173142	1030	0	1030	1030	
9	10	22	48	105	4	69	71070	68	70040	0.012	0.00993504	0.00308688	0.0376323	1030	0	1030	1030	
9	10	22	49	202	4	14	14420	9	9270	0.038879	0.0492477	0.0100407	0.127132	1030	0	1030	1030	
9	10	22	50	107	4	138	142140	135	139050	0.0155017	0.0121824	0.00308688	0.0526255	1030	0	1030	1030	
9	10	22	51	102	4	14	14420	14	14420	0.008845	0.00267476	0.00522162	0.0134034	1030	0	1030	1030	
9	10	23	52	11	4	14	14420	14	14420	0.0168441	0.00589599	0.0102208	0.0261298	1030	0	1030	1030	
9	10	23	53	31	4	69	71070	48	49440	0.0383354	0.0494229	0.00317694	0.181631	1030	0	1030	1030	
9	10	22	54	203	4	14	14420	12	12360	0.0247881	0.00633621	0.0178563	0.0344017	1030	0	1030	1030	
9	10	24	55	72	4	138	142140	72	74160	0.10327	0.0959169	0.00517694	0.279268	1030	0	1030	1030	
9	10	22	56	197	4	14	14420	12	12360	0.0291054	0.00434918	0.0204009	0.0355827	1030	0	1030	1030	
9	10	22	57	204	4	14	14420	9	9270	0.019501	0.00350249	0.0150364	0.0247637	1030	0	1030	1030	
9	10	24	58	35	4	69	71070	68	70040	0.00966004	0.0087104	0.00308516	0.0338124	1030	0	1030	1030	
9	10	22	59	205	4	14	14420	10	10300	0.0397446	0.0335568	0.00758099	0.122126	1030	0	1030	1030	
9	10	22	60	206	4	138	142140	110	113300	0.0450634	0.0291051	0.00578571	0.171351	1030	0	1030	1030	
9	10	22	61	207	4	14	14420	8	8240	0.0690006	0.0482712	0.0211256	0.126853	1030	0	1030	1030	
9	10	24	62	53	4	14	14420	14	14420	0.018839	0.00351327	0.0141247	0.0252156	1030	0	1030	1030	
9	10	22	63	198	4	69	71070	40	41200	0.1799	0.073594	0.0415388	0.275357	1030	0	1030	1030	
9	10	23	64	32	4	14	14420	12	12360	0.0247678	0.0052224	0.017942	0.0335784	1030	0	1030	1030	
9	10	22	65	199	4	138	142140	58	59740	0.149121	0.0436647	0.038532	0.215448	1030	0	1030	1030	
9	10	24	66	73	4	14	14420	11	11330	0.0517924	0.04083	0.0113958	0.130941	1030	0	1030	1030	
9	10	24	67	74	4	14	14420	12	12360	0.0366525	0.0303242	0.0163949	0.11994	1030	0	1030	1030	
9	10	22	68	208	4	69	71070	63	64890	0.0362826	0.0463469	0.00317435	0.175811	1030	0	1030	1030	
9	10	23	69	30	4	14	14420	0	0	0	0	0	0	0	0	0	0	
9	10	24	70	55	4	138	142140	143	147290	0.0197672	0.0128098	0.00408345	0.0557198	1030	0	1030	1030	
