% start	end	CellId	IMSI	RNTI	LCID	nTxPDUs	TxBytes	nRxPDUs	RxBytes	delay	stdDev	min	max	PduSize	stdDev	min	max
0	1	22	1	44	4	7	7210	0	0	0	0	0	0	0	0	0	0	
0	1	22	2	24	4	7	7210	0	0	0	0	0	0	0	0	0	0	
0	1	22	3	86	4	7	7210	0	0	0	0	0	0	0	0	0	0	
0	1	22	4	141	4	6	6180	0	0	0	0	0	0	0	0	0	0	
0	1	22	5	21	4	7	7210	0	0	0	0	0	0	0	0	0	0	
0	1	22	6	14	4	7	7210	0	0	0	0	0	0	0	0	0	0	
0	1	22	7	75	4	7	7210	0	0	0	0	0	0	0	0	0	0	
0	1	22	8	78	4	7	7210	0	0	0	0	0	0	0	0	0	0	
0	1	22	9	140	4	6	6180	0	0	0	0	0	0	0	0	0	0	
0	1	22	10	47	4	7	7210	0	0	0	0	0	0	0	0	0	0	
0	1	23	11	10	4	7	7210	7	7210	0.0166535	0.00158013	0.0142487	0.0180669	1030	0	1030	1030	
0	1	23	12	7	4	7	7210	7	7210	0.0166526	0.00439774	0.0113387	0.0222478	1030	0	1030	1030	
0	1	23	13	4	4	7	7210	7	7210	0.0153661	0.00443693	0.0103379	0.021247	1030	0	1030	1030	
0	1	23	14	5	4	7	7210	7	7210	0.0157938	0.00290932	0.0126098	0.0192461	1030	0	1030	1030	
0	1	23	15	8	4	7	7210	7	7210	0.0159358	0.00496	0.0106089	0.0223362	1030	0	1030	1030	
0	1	23	16	1	4	7	7210	7	7210	0.0153635	0.00426451	0.0109871	0.0215171	1030	0	1030	1030	
0	1	23	17	9	4	7	7210	7	7210	0.0163626	0.00276519	0.0132435	0.0190617	1030	0	1030	1030	
0	1	23	18	3	4	7	7210	7	7210	0.0156475	0.00308818	0.0120609	0.0196063	1030	0	1030	1030	
0	1	23	19	6	4	7	7210	7	7210	0.0167895	0.00290932	0.0136055	0.0202418	1030	0	1030	1030	
0	1	23	20	2	4	7	7210	7	7210	0.0159315	0.00354836	0.0119837	0.0200592	1030	0	1030	1030	
0	1	24	21	4	4	7	7210	7	7210	0.0109306	0.0013672	0.0100583	0.0139828	1030	0	1030	1030	
0	1	24	22	3	4	7	7210	7	7210	0.00907264	0.00174054	0.00805745	0.0129819	1030	0	1030	1030	
0	1	24	23	8	4	7	7210	7	7210	0.00664321	0.00588637	0.0040566	0.0199811	1030	0	1030	1030	
0	1	24	24	10	4	7	7210	7	7210	0.00564235	0.00588637	0.00305574	0.0189802	1030	0	1030	1030	
0	1	24	25	9	4	7	7210	7	7210	0.00721293	0.00475365	0.00505489	0.0179794	1030	0	1030	1030	
0	1	24	26	5	4	7	7210	7	7210	0.0102121	0.00211552	0.00905403	0.0149785	1030	0	1030	1030	
0	1	24	27	6	4	7	7210	7	7210	0.0120684	0.00174054	0.0110532	0.0159777	1030	0	1030	1030	
0	1	24	28	2	4	7	7210	7	7210	0.0080675	0.00174054	0.00705232	0.0119768	1030	0	1030	1030	
0	1	24	29	1	4	7	7210	7	7210	0.00706665	0.00174054	0.00605146	0.0109759	1030	0	1030	1030	
0	1	24	30	7	4	7	7210	7	7210	0.0130658	0.00174054	0.0120506	0.0169751	1030	0	1030	1030	
0	1	22	31	91	4	7	7210	7	7210	0.0353506	0.00784097	0.0310497	0.0529742	1030	0	1030	1030	
0	1	22	32	103	4	7	7210	7	7210	0.0383498	0.00825913	0.0340489	0.0569734	1030	0	1030	1030	
0	1	24	33	17	4	35	36050	33	33990	0.0362399	0.00756851	0.0239073	0.0498164	1030	0	1030	1030	
0	1	22	34	92	4	7	7210	7	7210	0.0224917	0.0110028	0.0113208	0.0459717	1030	0	1030	1030	
0	1	22	35	87	4	69	71070	37	38110	0.103631	0.0297121	0.0377255	0.138635	1030	0	1030	1030	
0	1	22	36	109	4	7	7210	7	7210	0.0260621	0.01031	0.0203199	0.04897	1030	0	1030	1030	
0	1	22	37	94	4	7	7210	7	7210	0.0249184	0.0104093	0.0183191	0.0479691	1030	0	1030	1030	
0	1	22	38	97	4	35	36050	29	29870	0.0674979	0.0160638	0.0431792	0.100816	1030	0	1030	1030	
0	1	22	39	85	4	7	7210	7	7210	0.00891743	0.00446056	0.00622728	0.0189674	1030	0	1030	1030	
0	1	22	40	93	4	69	71070	37	38110	0.102615	0.0286948	0.0397246	0.141634	1030	0	1030	1030	
0	1	22	41	88	4	7	7210	7	7210	0.00705931	0.00402825	0.00422642	0.0159657	1030	0	1030	1030	
0	1	22	42	106	4	7	7210	7	7210	0.0102013	0.00475235	0.00804376	0.0209648	1030	0	1030	1030	
0	1	24	43	16	4	35	36050	33	33990	0.0383288	0.00719519	0.0247238	0.0543601	1030	0	1030	1030	
0	1	22	44	83	4	7	7210	7	7210	0.0162003	0.00222995	0.0114974	0.0182247	1030	0	1030	1030	
0	1	22	45	101	4	69	71070	68	70040	0.0171063	0.0112538	0.00371693	0.0460806	1030	0	1030	1030	
0	1	22	46	99	4	7	7210	7	7210	0.00519935	0.00312684	0.00304205	0.0119614	1030	0	1030	1030	
0	1	22	47	108	4	7	7210	7	7210	0.0131985	0.00439692	0.010223	0.0229605	1030	0	1030	1030	
0	1	22	48	105	4	35	36050	35	36050	0.018579	0.0112002	0.00417747	0.0393593	1030	0	1030	1030	
0	1	22	49	110	4	7	7210	7	7210	0.0204832	0.00904606	0.0162221	0.0409588	1030	0	1030	1030	
0	1	22	50	107	4	69	71070	68	70040	0.0183848	0.0116777	0.0034502	0.0453524	1030	0	1030	1030	
0	1	22	51	102	4	7	7210	7	7210	0.00691083	0.00377361	0.00403948	0.0149571	1030	0	1030	1030	
0	1	23	52	11	4	7	7210	7	7210	0.0166243	0.00435395	0.0110386	0.0209563	1030	0	1030	1030	
0	1	22	53	100	4	35	36050	35	36050	0.0175209	0.0125088	0.0030857	0.0399554	1030	0	1030	1030	
0	1	24	54	18	4	7	7210	7	7210	0.0230518	0.00572449	0.0200378	0.0359545	1030	0	1030	1030	
0	1	24	55	20	4	69	71070	21	21630	0.165938	0.059329	0.0509537	0.220533	1030	0	1030	1030	
0	1	22	56	89	4	7	7210	5	5150	0.0380928	0.00346496	0.0350369	0.0439528	1030	0	1030	1030	
0	1	24	57	19	4	7	7210	7	7210	0.0213357	0.00690423	0.0180361	0.036952	1030	0	1030	1030	
0	1	24	58	12	4	35	36050	35	36050	0.0102628	0.00847536	0.00308484	0.0254485	1030	0	1030	1030	
0	1	22	59	104	4	7	7210	7	7210	0.0249062	0.0119822	0.0190352	0.0519503	1030	0	1030	1030	
0	1	24	60	21	4	69	71070	45	46350	0.0865169	0.0249522	0.0386303	0.11963	1030	0	1030	1030	
0	1	23	61	12	4	7	7210	2	2060	0.0728551	0.0691643	0.0239486	0.121762	1030	0	1030	1030	
0	1	24	62	13	4	7	7210	7	7210	0.0217615	0.00497291	0.0190335	0.0329477	1030	0	1030	1030	
0	1	22	63	98	4	35	36050	12	12360	0.197989	0.0849418	0.0669468	0.333993	1030	0	1030	1030	
0	1	22	64	90	4	7	7210	7	7210	0.0360462	0.00793945	0.0320326	0.053946	1030	0	1030	1030	
0	1	22	65	96	4	69	71070	18	18540	0.188133	0.0742426	0.0559451	0.278811	1030	0	1030	1030	
0	1	24	66	22	4	7	7210	7	7210	0.0211881	0.00916625	0.0170318	0.0419443	1030	0	1030	1030	
0	1	24	67	15	4	7	7210	7	7210	0.0250444	0.00394141	0.0230309	0.0339434	1030	0	1030	1030	
0	1	24	68	11	4	35	36050	34	35020	0.0209025	0.0087155	0.00908313	0.0379426	1030	0	1030	1030	
0	1	22	69	95	4	7	7210	7	7210	0.0371863	0.00787859	0.0330301	0.0549417	1030	0	1030	1030	
0	1	24	70	14	4	69	71070	46	47380	0.084559	0.0242712	0.0376286	0.118629	1030	0	1030	1030	
1	2	22	1	44	4	14	14420	0	0	0	0	0	0	0	0	0	0	
1	2	22	2	24	4	14	14420	0	0	0	0	0	0	0	0	0	0	
1	2	22	3	86	4	14	14420	0	0	0	0	0	0	0	0	0	0	
1	2	22	4	141	4	14	14420	0	0	0	0	0	0	0	0	0	0	
1	2	22	5	21	4	14	14420	0	0	0	0	0	0	0	0	0	0	
1	2	22	6	14	4	14	14420	0	0	0	0	0	0	0	0	0	0	
1	2	22	7	75	4	14	14420	0	0	0	0	0	0	0	0	0	0	
1	2	22	8	78	4	14	14420	0	0	0	0	0	0	0	0	0	0	
1	2	22	9	140	4	14	14420	0	0	0	0	0	0	0	0	0	0	
1	2	22	10	47	4	14	14420	0	0	0	0	0	0	0	0	0	0	
1	2	23	11	10	4	14	14420	14	14420	0.0175149	0.000896742	0.0161578	0.0188851	1030	0	1030	1030	
1	2	23	12	7	4	14	14420	14	14420	0.0160855	0.00416265	0.0102479	0.0228842	1030	0	1030	1030	
1	2	23	13	4	4	14	14420	14	14420	0.0162275	0.00509617	0.0101561	0.0227015	1030	0	1030	1030	
1	2	23	14	5	4	14	14420	14	14420	0.0162981	0.00373089	0.0111552	0.0217007	1030	0	1030	1030	
1	2	23	15	8	4	14	14420	14	14420	0.0164401	0.00509975	0.0100635	0.0229726	1030	0	1030	1030	
1	2	23	16	1	4	14	14420	14	14420	0.0164392	0.00400268	0.0104263	0.0219717	1030	0	1030	1030	
1	2	23	17	9	4	14	14420	14	14420	0.0162241	0.00236207	0.0131527	0.0196981	1030	0	1030	1030	
1	2	23	18	3	4	14	14420	14	14420	0.0162947	0.00329069	0.01197	0.0215154	1030	0	1030	1030	
1	2	23	19	6	4	14	14420	14	14420	0.0163652	0.00349181	0.0117873	0.0213328	1030	0	1030	1030	
1	2	23	20	2	4	14	14420	14	14420	0.0159358	0.00293468	0.0123319	0.0205137	1030	0	1030	1030	
1	2	24	21	4	4	14	14420	14	14420	0.0105064	0.000301434	0.0100583	0.0109674	1030	0	1030	1030	
1	2	24	22	3	4	14	14420	14	14420	0.00721982	0.000995963	0.00605748	0.00887564	1030	0	1030	1030	
1	2	24	23	8	4	14	14420	14	14420	0.0070761	0.00153253	0.00414752	0.00887482	1030	0	1030	1030	
1	2	24	24	10	4	14	14420	14	14420	0.00350382	0.000301434	0.00305577	0.00396485	1030	0	1030	1030	
1	2	24	25	9	4	14	14420	14	14420	0.00864582	0.00117711	0.00614581	0.00987311	1030	0	1030	1030	
1	2	24	26	5	4	14	14420	14	14420	0.00850211	0.00107414	0.00705406	0.00996314	1030	0	1030	1030	
1	2	24	27	6	4	14	14420	14	14420	0.0115013	0.000301434	0.0110532	0.0119623	1030	0	1030	1030	
1	2	24	28	2	4	14	14420	14	14420	0.00592897	0.000825989	0.00505235	0.00787051	1030	0	1030	1030	
1	2	24	29	1	4	14	14420	14	14420	0.0046424	0.00047405	0.00405149	0.00586965	1030	0	1030	1030	
1	2	24	30	7	4	14	14420	14	14420	0.0124987	0.000301434	0.0120506	0.0129597	1030	0	1030	1030	
1	2	22	31	91	4	14	14420	14	14420	0.0331407	0.00122227	0.0314134	0.0348679	1030	0	1030	1030	
1	2	22	32	103	4	14	14420	11	11330	0.0352307	0.0013751	0.0333217	0.0378671	1030	0	1030	1030	
1	2	24	33	17	4	69	71070	68	70040	0.0330049	0.00873632	0.0159982	0.0499073	1030	0	1030	1030	
1	2	22	34	92	4	14	14420	14	14420	0.0164961	0.00234595	0.011139	0.0187753	1030	0	1030	1030	
1	2	22	35	87	4	138	142140	81	83430	0.119238	0.0159536	0.0895368	0.142991	1030	0	1030	1030	
1	2	22	36	109	4	14	14420	14	14420	0.0189238	0.000656137	0.0180472	0.0198654	1030	0	1030	1030	
1	2	22	37	94	4	14	14420	14	14420	0.0121373	0.00200285	0.0110464	0.0188645	1030	0	1030	1030	
1	2	22	38	97	4	69	71070	63	64890	0.126279	0.0193091	0.0851792	0.159997	1030	0	1030	1030	
1	2	22	39	85	4	14	14420	14	14420	0.00749355	0.000301434	0.0070455	0.00795458	1030	0	1030	1030	
1	2	22	40	93	4	138	142140	80	82400	0.118058	0.0164405	0.0881724	0.140452	1030	0	1030	1030	
1	2	22	41	88	4	14	14420	14	14420	0.00649269	0.000301434	0.00604464	0.00695372	1030	0	1030	1030	
1	2	22	42	106	4	14	14420	14	14420	0.00849183	0.000301434	0.00804379	0.00895287	1030	0	1030	1030	
1	2	24	43	16	4	69	71070	68	70040	0.0305326	0.00785704	0.0151784	0.0434511	1030	0	1030	1030	
1	2	22	44	83	4	14	14420	14	14420	0.012991	0.00366469	0.00904293	0.0168611	1030	0	1030	1030	
1	2	22	45	101	4	138	142140	136	140080	0.0183915	0.0119591	0.00317833	0.0447169	1030	0	1030	1030	
1	2	22	46	99	4	14	14420	14	14420	0.00349012	0.000301434	0.00304207	0.00395116	1030	0	1030	1030	
1	2	22	47	108	4	14	14420	14	14420	0.0124893	0.000301434	0.0120412	0.0129503	1030	0	1030	1030	
1	2	22	48	105	4	69	71070	68	70040	0.0168673	0.0124371	0.00408658	0.0399047	1030	0	1030	1030	
1	2	22	49	110	4	14	14420	14	14420	0.0174884	0.000301434	0.0170404	0.0179494	1030	0	1030	1030	
1	2	22	50	107	4	138	142140	136	140080	0.0185377	0.0121735	0.00308658	0.0445343	1030	0	1030	1030	
1	2	22	51	102	4	14	14420	14	14420	0.00448755	0.000301434	0.00403951	0.00494859	1030	0	1030	1030	
1	2	23	52	11	4	14	14420	14	14420	0.0154867	0.00368611	0.0111296	0.0208568	1030	0	1030	1030	
1	2	22	53	100	4	69	71070	68	70040	0.0154547	0.0125868	0.00308573	0.0389039	1030	0	1030	1030	
1	2	24	54	18	4	14	14420	14	14420	0.0204858	0.000301434	0.0200378	0.0209469	1030	0	1030	1030	
1	2	24	55	20	4	138	142140	46	47380	0.217758	0.00237565	0.212904	0.222533	1030	0	1030	1030	
1	2	22	56	89	4	14	14420	15	15450	0.0420915	0.0345756	0.0291278	0.156582	1030	0	1030	1030	
1	2	24	57	19	4	14	14420	14	14420	0.0184841	0.000301434	0.0180361	0.0189452	1030	0	1030	1030	
1	2	24	58	12	4	69	71070	68	70040	0.00939503	0.00830476	0.00308486	0.024994	1030	0	1030	1030	
1	2	22	59	104	4	14	14420	14	14420	0.0199118	0.000656137	0.0190352	0.0208534	1030	0	1030	1030	
1	2	24	60	21	4	138	142140	94	96820	0.10022	0.0128764	0.0843508	0.119903	1030	0	1030	1030	
1	2	23	61	12	4	14	14420	5	5150	0.121416	0.000317533	0.121034	0.121853	1030	0	1030	1030	
1	2	24	62	13	4	14	14420	14	14420	0.0194816	0.000301434	0.0190335	0.0199426	1030	0	1030	1030	
1	2	22	63	98	4	69	71070	24	24720	0.376361	0.0245643	0.32272	0.435539	1030	0	1030	1030	
1	2	22	64	90	4	14	14420	14	14420	0.0318378	0.00145579	0.0301236	0.0358508	1030	0	1030	1030	
1	2	22	65	96	4	138	142140	40	41200	0.245394	0.0191368	0.223895	0.281168	1030	0	1030	1030	
1	2	24	66	22	4	14	14420	14	14420	0.0174799	0.000301434	0.0170318	0.0179409	1030	0	1030	1030	
1	2	24	67	15	4	14	14420	14	14420	0.023479	0.000301434	0.0230309	0.02394	1030	0	1030	1030	
1	2	24	68	11	4	69	71070	68	70040	0.0202917	0.00768188	0.0085377	0.0357195	1030	0	1030	1030	
1	2	22	69	95	4	14	14420	14	14420	0.0339067	0.0013982	0.032121	0.0368483	1030	0	1030	1030	
1	2	24	70	14	4	138	142140	94	96820	0.101987	0.0125825	0.0862581	0.11972	1030	0	1030	1030	
2	3	2	1	7	4	13	13390	8	8240	0.00917777	0.0023438	0.00634822	0.0119846	1030	0	1030	1030	
2	3	2	2	6	4	12	12360	8	8240	0.00817692	0.0023438	0.00534736	0.0109837	1030	0	1030	1030	
2	3	2	3	12	4	12	12360	5	5150	0.00671016	0.00131583	0.0051647	0.00798289	1030	0	1030	1030	
2	3	2	4	14	4	13	13390	3	3090	0.0046487	0.000367403	0.00425476	0.00498203	1030	0	1030	1030	
2	3	2	5	1	4	12	12360	8	8240	0.00617467	0.00234356	0.0033448	0.00898118	1030	0	1030	1030	
2	3	2	6	2	4	12	12360	8	8240	0.00717382	0.00234356	0.00434394	0.00998032	1030	0	1030	1030	
2	3	2	7	10	4	11	11330	5	5150	0.0047069	0.00131563	0.00316127	0.00597946	1030	0	1030	1030	
2	3	2	8	11	4	11	11330	5	5150	0.00570605	0.00131563	0.00416042	0.00697861	1030	0	1030	1030	
2	3	2	9	13	4	13	13390	3	3090	0.00364442	0.000367403	0.00325048	0.00397775	1030	0	1030	1030	
2	3	2	10	9	4	13	13390	8	8240	0.0101711	0.00234277	0.00734223	0.0129769	1030	0	1030	1030	
2	3	23	11	10	4	14	14420	14	14420	0.01762	0.000934756	0.0160712	0.018976	1030	0	1030	1030	
2	3	23	12	7	4	14	14420	14	14420	0.0159763	0.00347847	0.0117024	0.0208868	1030	0	1030	1030	
2	3	23	13	4	4	14	14420	14	14420	0.0172611	0.0046477	0.0110695	0.0229743	1030	0	1030	1030	
2	3	23	14	5	4	14	14420	14	14420	0.0161888	0.00326384	0.0111553	0.0202462	1030	0	1030	1030	
2	3	23	15	8	4	14	14420	14	14420	0.0154023	0.00498255	0.0101544	0.0228843	1030	0	1030	1030	
2	3	23	16	1	4	14	14420	14	14420	0.0162586	0.0046477	0.0100669	0.0219717	1030	0	1030	1030	
2	3	23	17	9	4	14	14420	14	14420	0.0163291	0.00250982	0.0132436	0.0199709	1030	0	1030	1030	
2	3	23	18	3	4	14	14420	14	14420	0.0158283	0.00309373	0.0115155	0.020609	1030	0	1030	1030	
2	3	23	19	6	4	14	14420	14	14420	0.0161131	0.00322005	0.0122419	0.0207899	1030	0	1030	1030	
2	3	23	20	2	4	14	14420	14	14420	0.0161123	0.0035029	0.0113337	0.0209683	1030	0	1030	1030	
2	3	24	21	4	4	14	14420	14	14420	0.0106829	0.000653107	0.0100626	0.0126947	1030	0	1030	1030	
2	3	24	22	3	4	14	14420	14	14420	0.00668199	0.000653107	0.00606179	0.00869389	1030	0	1030	1030	
2	3	24	23	8	4	14	14420	14	14420	0.00868114	0.000653107	0.00806094	0.010693	1030	0	1030	1030	
2	3	24	24	10	4	14	14420	14	14420	0.00353743	0.000305315	0.00306008	0.00396491	1030	0	1030	1030	
2	3	24	25	9	4	14	14420	14	14420	0.00967943	0.000653107	0.00905923	0.0116913	1030	0	1030	1030	
2	3	24	26	5	4	14	14420	14	14420	0.00767857	0.000653107	0.00705837	0.00969047	1030	0	1030	1030	
2	3	24	27	6	4	14	14420	14	14420	0.0116777	0.000653107	0.0110575	0.0136896	1030	0	1030	1030	
2	3	24	28	2	4	14	14420	14	14420	0.00567686	0.000653107	0.00505666	0.00768876	1030	0	1030	1030	
2	3	24	29	1	4	14	14420	14	14420	0.00453315	0.000305315	0.0040558	0.00496063	1030	0	1030	1030	
2	3	24	30	7	4	14	14420	14	14420	0.0126751	0.000653107	0.0120549	0.014687	1030	0	1030	1030	
2	3	22	31	91	4	14	14420	12	12360	0.0342102	0.0072099	0.0310541	0.0569589	1030	0	1030	1030	
2	3	22	32	103	4	14	14420	15	15450	0.0415166	0.0229497	0.033958	0.12314	1030	0	1030	1030	
2	3	24	33	17	4	68	70040	64	65920	0.0393761	0.0182554	0.015271	0.114089	1030	0	1030	1030	
2	3	22	34	92	4	14	14420	14	14420	0.0169583	0.000891821	0.0160524	0.0187779	1030	0	1030	1030	
2	3	22	35	87	4	137	141110	84	86520	0.114649	0.0174144	0.082271	0.141628	1030	0	1030	1030	
2	3	22	36	109	4	14	14420	14	14420	0.0187432	0.000512798	0.0180515	0.0197771	1030	0	1030	1030	
2	3	22	37	94	4	14	14420	14	14420	0.011528	0.000305315	0.0110507	0.0119555	1030	0	1030	1030	
2	3	22	38	97	4	68	70040	67	69010	0.138662	0.0125307	0.103088	0.169997	1030	0	1030	1030	
2	3	22	39	85	4	14	14420	14	14420	0.00752715	0.000305315	0.00704981	0.00795464	1030	0	1030	1030	
2	3	22	40	93	4	137	141110	84	86520	0.115145	0.0186489	0.0719906	0.137997	1030	0	1030	1030	
2	3	22	41	88	4	14	14420	14	14420	0.0065263	0.000305315	0.00604895	0.00695378	1030	0	1030	1030	
2	3	22	42	106	4	14	14420	14	14420	0.00852544	0.000305315	0.0080481	0.00895293	1030	0	1030	1030	
2	3	24	43	16	4	68	70040	69	71070	0.0234617	0.0102521	0.00517838	0.0437239	1030	0	1030	1030	
2	3	22	44	83	4	14	14420	14	14420	0.0110246	0.00298275	0.00904724	0.0167728	1030	0	1030	1030	
2	3	22	45	101	4	137	141110	136	140080	0.0179477	0.0118435	0.00308749	0.0448079	1030	0	1030	1030	
2	3	22	46	99	4	14	14420	14	14420	0.00352373	0.000305315	0.00304638	0.00395122	1030	0	1030	1030	
2	3	22	47	108	4	14	14420	14	14420	0.0125229	0.000305315	0.0120455	0.0129504	1030	0	1030	1030	
2	3	22	48	105	4	68	70040	67	69010	0.0154408	0.0124609	0.00408661	0.0389048	1030	0	1030	1030	
2	3	22	49	110	4	14	14420	14	14420	0.017522	0.000305315	0.0170447	0.0179495	1030	0	1030	1030	
2	3	22	50	107	4	137	141110	136	140080	0.0186307	0.012163	0.00326845	0.0451707	1030	0	1030	1030	
2	3	22	51	102	4	14	14420	14	14420	0.00452116	0.000305315	0.00404382	0.00494865	1030	0	1030	1030	
2	3	23	52	11	4	14	14420	14	14420	0.0158774	0.00393593	0.0112205	0.0209478	1030	0	1030	1030	
2	3	22	53	100	4	68	70040	67	69010	0.0141862	0.0123883	0.00308575	0.0363585	1030	0	1030	1030	
2	3	24	54	18	4	14	14420	14	14420	0.0208052	0.00115382	0.0200421	0.0246742	1030	0	1030	1030	
2	3	24	55	20	4	137	141110	44	45320	0.220038	0.00969563	0.203715	0.258988	1030	0	1030	1030	
2	3	22	56	89	4	14	14420	13	13390	0.0300801	0.000494735	0.0291279	0.0307668	1030	0	1030	1030	
2	3	24	57	19	4	14	14420	14	14420	0.0188035	0.00115382	0.0180404	0.0226725	1030	0	1030	1030	
2	3	24	58	12	4	68	70040	69	71070	0.0095131	0.0085192	0.00308489	0.0307213	1030	0	1030	1030	
2	3	22	59	104	4	14	14420	14	14420	0.0197312	0.000512798	0.0190395	0.0207651	1030	0	1030	1030	
2	3	24	60	21	4	137	141110	91	93730	0.102011	0.0149271	0.0822667	0.133449	1030	0	1030	1030	
2	3	23	61	12	4	14	14420	4	4120	0.121398	0.000234496	0.121125	0.121671	1030	0	1030	1030	
2	3	24	62	13	4	14	14420	14	14420	0.0198009	0.00115382	0.0190378	0.0236699	1030	0	1030	1030	
2	3	24	63	23	4	68	70040	31	31930	0.278784	0.151548	0.00662952	0.404811	1030	0	1030	1030	
2	3	22	64	90	4	14	14420	13	13390	0.031922	0.000811456	0.0301236	0.0333071	1030	0	1030	1030	
2	3	22	65	96	4	137	141110	42	43260	0.240806	0.0195896	0.219532	0.275077	1030	0	1030	1030	
2	3	24	66	22	4	14	14420	14	14420	0.0177992	0.00115382	0.0170361	0.0216682	1030	0	1030	1030	
2	3	24	67	15	4	14	14420	14	14420	0.0239412	0.00167556	0.0230353	0.0296674	1030	0	1030	1030	
2	3	24	68	11	4	68	70040	66	67980	0.0247747	0.018902	0.009265	0.110447	1030	0	1030	1030	
2	3	22	69	95	4	14	14420	12	12360	0.0357511	0.00771246	0.0329392	0.0602119	1030	0	1030	1030	
2	3	24	70	14	4	137	141110	92	94760	0.102897	0.0141771	0.0862581	0.136713	1030	0	1030	1030	
3	4	2	1	7	4	14	14420	13	13390	0.0115511	0.000285448	0.0110755	0.0119846	1030	0	1030	1030	
3	4	2	2	6	4	14	14420	13	13390	0.0105502	0.000285448	0.0100747	0.0109838	1030	0	1030	1030	
3	4	2	3	12	4	14	14420	14	14420	0.00751538	0.000302263	0.00707381	0.00798292	1030	0	1030	1030	
3	4	2	4	14	4	14	14420	14	14420	0.00451452	0.000302263	0.00407295	0.00498206	1030	0	1030	1030	
3	4	2	5	1	4	14	14420	14	14420	0.00851367	0.000302263	0.0080721	0.00898121	1030	0	1030	1030	
3	4	2	6	2	4	14	14420	14	14420	0.00951281	0.000302263	0.00907124	0.00998035	1030	0	1030	1030	
3	4	2	7	10	4	14	14420	14	14420	0.00551195	0.000302263	0.00507038	0.00597949	1030	0	1030	1030	
3	4	2	8	11	4	14	14420	14	14420	0.0065111	0.000302263	0.00606953	0.00697864	1030	0	1030	1030	
3	4	2	9	13	4	14	14420	14	14420	0.00351024	0.000302263	0.00306867	0.00397778	1030	0	1030	1030	
3	4	2	10	9	4	14	14420	13	13390	0.0125434	0.000285448	0.0120678	0.0129769	1030	0	1030	1030	
3	4	23	11	10	4	14	14420	13	13390	0.0174656	0.000901896	0.0161579	0.0188851	1030	0	1030	1030	
3	4	23	12	7	4	14	14420	13	13390	0.0169263	0.00356572	0.0122479	0.021157	1030	0	1030	1030	
3	4	23	13	4	4	14	14420	13	13390	0.0164639	0.00473652	0.0111562	0.0228834	1030	0	1030	1030	
3	4	23	14	5	4	14	14420	13	13390	0.0161553	0.00328554	0.0116099	0.0207008	1030	0	1030	1030	
3	4	23	15	8	4	14	14420	13	13390	0.0163083	0.0052538	0.0102454	0.0229726	1030	0	1030	1030	
3	4	23	16	1	4	14	14420	13	13390	0.0154613	0.00473652	0.0101536	0.0218809	1030	0	1030	1030	
3	4	23	17	9	4	14	14420	13	13390	0.0161527	0.00251497	0.0130618	0.01988	1030	0	1030	1030	
3	4	23	18	3	4	14	14420	13	13390	0.0164596	0.00298147	0.0125155	0.020061	1030	0	1030	1030	
3	4	23	19	6	4	14	14420	13	13390	0.0159972	0.00347668	0.011242	0.0208783	1030	0	1030	1030	
3	4	23	20	2	4	14	14420	13	13390	0.0158425	0.00324897	0.0114229	0.0205138	1030	0	1030	1030	
3	4	24	21	4	4	14	14420	13	13390	0.0105339	0.000285448	0.0100584	0.0109675	1030	0	1030	1030	
3	4	24	22	3	4	14	14420	14	14420	0.00649911	0.000302263	0.00605754	0.00696665	1030	0	1030	1030	
3	4	24	23	8	4	14	14420	14	14420	0.00849826	0.000302263	0.00805669	0.0089658	1030	0	1030	1030	
3	4	24	24	10	4	14	14420	14	14420	0.0034974	0.000302263	0.00305583	0.00396494	1030	0	1030	1030	
3	4	24	25	9	4	14	14420	14	14420	0.00949655	0.000302263	0.00905497	0.00996409	1030	0	1030	1030	
3	4	24	26	5	4	14	14420	14	14420	0.00749569	0.000302263	0.00705412	0.00796323	1030	0	1030	1030	
3	4	24	27	6	4	14	14420	13	13390	0.0115288	0.000285448	0.0110533	0.0119624	1030	0	1030	1030	
3	4	24	28	2	4	14	14420	14	14420	0.00549398	0.000302263	0.00505241	0.00596152	1030	0	1030	1030	
3	4	24	29	1	4	14	14420	14	14420	0.00449312	0.000302263	0.00405155	0.00496066	1030	0	1030	1030	
3	4	24	30	7	4	14	14420	13	13390	0.0125262	0.000285448	0.0120507	0.0129598	1030	0	1030	1030	
3	4	22	31	91	4	14	14420	14	14420	0.0327901	0.00141685	0.0305044	0.034868	1030	0	1030	1030	
3	4	22	32	103	4	14	14420	14	14420	0.0329321	0.00216027	0.0292308	0.0356854	1030	0	1030	1030	
3	4	24	33	17	4	69	71070	63	64890	0.11658	0.0261154	0.0607256	0.149635	1030	0	1030	1030	
3	4	22	34	92	4	14	14420	13	13390	0.0169083	0.00146239	0.0160481	0.0216845	1030	0	1030	1030	
3	4	22	35	87	4	138	142140	94	96820	0.100191	0.0179793	0.0731733	0.132271	1030	0	1030	1030	
3	4	22	36	109	4	14	14420	13	13390	0.0188305	0.00119142	0.0180473	0.0226837	1030	0	1030	1030	
3	4	22	37	94	4	14	14420	13	13390	0.0116758	0.000665423	0.0110464	0.0136828	1030	0	1030	1030	
3	4	22	38	97	4	69	71070	74	76220	0.0816068	0.0209889	0.0423611	0.130543	1030	0	1030	1030	
3	4	22	39	85	4	14	14420	14	14420	0.00798713	0.000764448	0.00704556	0.00968194	1030	0	1030	1030	
3	4	22	40	93	4	138	142140	94	96820	0.100381	0.018114	0.0742633	0.138543	1030	0	1030	1030	
3	4	22	41	88	4	14	14420	14	14420	0.00662913	0.000661074	0.0060447	0.00868108	1030	0	1030	1030	
3	4	22	42	106	4	14	14420	14	14420	0.00898542	0.000764448	0.00804385	0.0106802	1030	0	1030	1030	
3	4	24	43	16	4	69	71070	70	72100	0.0242797	0.00978071	0.0100875	0.0479057	1030	0	1030	1030	
3	4	22	44	83	4	14	14420	14	14420	0.00898456	0.00145699	0.00704302	0.0126794	1030	0	1030	1030	
3	4	22	45	101	4	138	142140	140	144200	0.0171542	0.0118198	0.00317842	0.044717	1030	0	1030	1030	
3	4	22	46	99	4	14	14420	14	14420	0.00348371	0.000302263	0.00304214	0.00395124	1030	0	1030	1030	
3	4	22	47	108	4	14	14420	13	13390	0.0126707	0.000665423	0.0120413	0.0146777	1030	0	1030	1030	
3	4	22	48	105	4	69	71070	70	72100	0.015236	0.0125562	0.00317756	0.040723	1030	0	1030	1030	
3	4	22	49	110	4	14	14420	13	13390	0.0175929	0.000430361	0.0170404	0.0186768	1030	0	1030	1030	
3	4	22	50	107	4	138	142140	140	144200	0.0176748	0.0121779	0.00308664	0.0497162	1030	0	1030	1030	
3	4	22	51	102	4	14	14420	14	14420	0.00448114	0.000302263	0.00403957	0.00494868	1030	0	1030	1030	
3	4	23	52	11	4	14	14420	13	13390	0.0158219	0.00368388	0.0110387	0.020766	1030	0	1030	1030	
3	4	22	53	100	4	69	71070	70	72100	0.0148066	0.0124729	0.00308579	0.0397222	1030	0	1030	1030	
3	4	24	54	18	4	14	14420	13	13390	0.0205134	0.000285448	0.0200379	0.020947	1030	0	1030	1030	
3	4	22	55	142	4	138	142140	38	39140	0.213629	0.0774584	0.0137857	0.276443	1030	0	1030	1030	
3	4	22	56	89	4	14	14420	13	13390	0.0392328	0.0247955	0.029037	0.120128	1030	0	1030	1030	
3	4	24	57	19	4	14	14420	13	13390	0.0185117	0.000285448	0.0180361	0.0189453	1030	0	1030	1030	
3	4	24	58	12	4	69	71070	68	70040	0.00903548	0.00813485	0.00308493	0.024994	1030	0	1030	1030	
3	4	22	59	104	4	14	14420	13	13390	0.0198185	0.00119142	0.0190353	0.0236717	1030	0	1030	1030	
3	4	24	60	21	4	138	142140	85	87550	0.115829	0.0150705	0.0860781	0.136351	1030	0	1030	1030	
3	4	23	61	12	4	14	14420	6	6180	0.109428	0.0297661	0.0486708	0.121944	1030	0	1030	1030	
3	4	24	62	13	4	14	14420	13	13390	0.0195091	0.000285448	0.0190336	0.0199427	1030	0	1030	1030	
3	4	24	63	23	4	69	71070	40	41200	0.208561	0.0590993	0.0773568	0.314993	1030	0	1030	1030	
3	4	22	64	90	4	14	14420	14	14420	0.0319873	0.00199674	0.0300327	0.0376691	1030	0	1030	1030	
3	4	24	65	24	4	138	142140	47	48410	0.183614	0.0688273	0.00517501	0.259441	1030	0	1030	1030	
3	4	24	66	22	4	14	14420	13	13390	0.0175074	0.000285448	0.0170319	0.017941	1030	0	1030	1030	
3	4	24	67	15	4	14	14420	13	13390	0.0235065	0.000285448	0.023031	0.0239401	1030	0	1030	1030	
3	4	24	68	11	4	69	71070	70	72100	0.0229754	0.00845684	0.0105378	0.0406287	1030	0	1030	1030	
3	4	22	69	95	4	14	14420	13	13390	0.0350092	0.00727227	0.0311211	0.0589393	1030	0	1030	1030	
3	4	24	70	14	4	138	142140	85	87550	0.116494	0.0123973	0.0878037	0.13644	1030	0	1030	1030	
4	5	2	1	7	4	13	13390	14	14420	0.0114912	0.00029558	0.0110755	0.0119847	1030	0	1030	1030	
4	5	2	2	6	4	13	13390	14	14420	0.0104903	0.00029558	0.0100747	0.0109838	1030	0	1030	1030	
4	5	2	3	12	4	13	13390	13	13390	0.00752141	0.000281332	0.00707387	0.00798295	1030	0	1030	1030	
4	5	2	4	14	4	13	13390	12	12360	0.0150654	0.0291433	0.00407301	0.104255	1030	0	1030	1030	
4	5	2	5	1	4	13	13390	13	13390	0.0085197	0.000281332	0.00807216	0.00898124	1030	0	1030	1030	
4	5	2	6	2	4	13	13390	13	13390	0.00951884	0.000281332	0.0090713	0.00998038	1030	0	1030	1030	
4	5	2	7	10	4	13	13390	13	13390	0.00551798	0.000281332	0.00507044	0.00597952	1030	0	1030	1030	
4	5	2	8	11	4	13	13390	13	13390	0.00651713	0.000281332	0.00606959	0.00697867	1030	0	1030	1030	
4	5	2	9	13	4	13	13390	13	13390	0.00351627	0.000281332	0.00306873	0.00397781	1030	0	1030	1030	
4	5	2	10	9	4	13	13390	14	14420	0.0124834	0.00029558	0.0120678	0.012977	1030	0	1030	1030	
4	5	23	11	10	4	13	13390	14	14420	0.016554	0.00355728	0.00461248	0.0189761	1030	0	1030	1030	
4	5	23	12	7	4	13	13390	14	14420	0.0164817	0.0037589	0.0118843	0.0214298	1030	0	1030	1030	
4	5	23	13	4	4	13	13390	14	14420	0.0171952	0.00468482	0.0110653	0.0229744	1030	0	1030	1030	
4	5	23	14	5	4	13	13390	14	14420	0.0157657	0.00330855	0.0117008	0.0207917	1030	0	1030	1030	
4	5	23	15	8	4	13	13390	14	14420	0.0154077	0.00493301	0.0100636	0.022609	1030	0	1030	1030	
4	5	23	16	1	4	13	13390	14	14420	0.0161926	0.00468482	0.0100627	0.0219718	1030	0	1030	1030	
4	5	23	17	9	4	13	13390	14	14420	0.0161917	0.00243875	0.0126073	0.0197892	1030	0	1030	1030	
4	5	23	18	3	4	13	13390	14	14420	0.0159766	0.00334601	0.011061	0.0201519	1030	0	1030	1030	
4	5	23	19	6	4	13	13390	14	14420	0.0158329	0.00318666	0.0113329	0.0203329	1030	0	1030	1030	
4	5	23	20	2	4	13	13390	14	14420	0.0164749	0.00300407	0.012332	0.0209684	1030	0	1030	1030	
4	5	24	21	4	4	13	13390	14	14420	0.010474	0.00029558	0.0100584	0.0109675	1030	0	1030	1030	
4	5	24	22	3	4	13	13390	13	13390	0.00650514	0.000281332	0.0060576	0.00696668	1030	0	1030	1030	
4	5	24	23	8	4	13	13390	13	13390	0.00850429	0.000281332	0.00805675	0.00896583	1030	0	1030	1030	
4	5	24	24	10	4	13	13390	13	13390	0.00365728	0.000647672	0.00305589	0.00560135	1030	0	1030	1030	
4	5	24	25	9	4	13	13390	13	13390	0.00950258	0.000281332	0.00905504	0.00996412	1030	0	1030	1030	
4	5	24	26	5	4	13	13390	13	13390	0.00750172	0.000281332	0.00705418	0.00796326	1030	0	1030	1030	
4	5	24	27	6	4	13	13390	14	14420	0.0114689	0.00029558	0.0110533	0.0119624	1030	0	1030	1030	
4	5	24	28	2	4	13	13390	13	13390	0.00542309	0.000373833	0.00459793	0.00596155	1030	0	1030	1030	
4	5	24	29	1	4	13	13390	13	13390	0.00442223	0.000373833	0.00359707	0.00496069	1030	0	1030	1030	
4	5	24	30	7	4	13	13390	14	14420	0.0124663	0.00029558	0.0120507	0.0129598	1030	0	1030	1030	
4	5	22	31	91	4	13	13390	14	14420	0.0333226	0.00259051	0.0310499	0.0393226	1030	0	1030	1030	
4	5	22	32	103	4	13	13390	14	14420	0.0298218	0.000516417	0.0291399	0.0308672	1030	0	1030	1030	
4	5	24	33	17	4	69	71070	54	55620	0.158572	0.0171738	0.142726	0.241907	1030	0	1030	1030	
4	5	22	34	92	4	13	13390	14	14420	0.0164638	0.00029558	0.0160482	0.0169573	1030	0	1030	1030	
4	5	22	35	87	4	137	141110	96	98880	0.0956073	0.0158086	0.0679074	0.129901	1030	0	1030	1030	
4	5	22	36	109	4	13	13390	14	14420	0.0184629	0.00029558	0.0180473	0.0189564	1030	0	1030	1030	
4	5	22	37	94	4	13	13390	14	14420	0.011462	0.00029558	0.0110464	0.0119556	1030	0	1030	1030	
4	5	22	38	97	4	69	71070	71	73130	0.0266236	0.0149839	0.00627022	0.0711793	1030	0	1030	1030	
4	5	22	39	85	4	13	13390	13	13390	0.00849316	0.000281332	0.00804562	0.0089547	1030	0	1030	1030	
4	5	22	40	93	4	137	141110	97	99910	0.0943952	0.0159545	0.0671793	0.125354	1030	0	1030	1030	
4	5	22	41	88	4	13	13390	13	13390	0.00695384	0.000514268	0.00613565	0.00777203	1030	0	1030	1030	
4	5	22	42	106	4	13	13390	13	13390	0.00949145	0.000281332	0.00904391	0.00995299	1030	0	1030	1030	
4	5	24	43	16	4	69	71070	69	71070	0.0240349	0.00906617	0.0109967	0.0409057	1030	0	1030	1030	
4	5	22	44	83	4	13	13390	13	13390	0.00587521	0.00205061	0.00304305	0.00795213	1030	0	1030	1030	
4	5	22	45	101	4	137	141110	139	143170	0.0168415	0.011804	0.00308755	0.0411716	1030	0	1030	1030	
4	5	22	46	99	4	13	13390	13	13390	0.00387435	0.000544004	0.00313309	0.00476947	1030	0	1030	1030	
4	5	22	47	108	4	13	13390	14	14420	0.0128141	0.000568016	0.0120413	0.0137686	1030	0	1030	1030	
4	5	22	48	105	4	69	71070	69	71070	0.0154978	0.0121184	0.00345035	0.0369049	1030	0	1030	1030	
4	5	22	49	110	4	13	13390	14	14420	0.0174561	0.00029558	0.0170405	0.0179496	1030	0	1030	1030	
4	5	22	50	107	4	137	141110	138	142140	0.0176768	0.0121664	0.0030867	0.0436253	1030	0	1030	1030	
4	5	22	51	102	4	13	13390	13	13390	0.00487178	0.000544004	0.00413052	0.0057669	1030	0	1030	1030	
4	5	23	52	11	4	13	13390	14	14420	0.0159543	0.00380742	0.0111297	0.0208569	1030	0	1030	1030	
4	5	22	53	100	4	69	71070	69	71070	0.0148157	0.0122404	0.00308584	0.0370859	1030	0	1030	1030	
4	5	24	54	18	4	13	13390	14	14420	0.0204535	0.00029558	0.0200379	0.020947	1030	0	1030	1030	
4	5	22	55	142	4	137	141110	32	32960	0.301851	0.013169	0.29017	0.340813	1030	0	1030	1030	
4	5	22	56	89	4	13	13390	13	13390	0.0328482	0.00596401	0.0301279	0.0525825	1030	0	1030	1030	
4	5	24	57	19	4	13	13390	14	14420	0.0184518	0.00029558	0.0180362	0.0189453	1030	0	1030	1030	
4	5	24	58	12	4	69	71070	70	72100	0.0092668	0.00819495	0.00308498	0.0249941	1030	0	1030	1030	
4	5	22	59	104	4	13	13390	14	14420	0.0194509	0.00029558	0.0190353	0.0199444	1030	0	1030	1030	
4	5	24	60	21	4	137	141110	71	73130	0.13698	0.0247094	0.0955395	0.194085	1030	0	1030	1030	
4	5	23	61	12	4	13	13390	5	5150	0.121471	0.000317533	0.121034	0.121853	1030	0	1030	1030	
4	5	24	62	13	4	13	13390	14	14420	0.0194492	0.00029558	0.0190336	0.0199427	1030	0	1030	1030	
4	5	24	63	23	4	69	71070	40	41200	0.248234	0.0117662	0.227175	0.26663	1030	0	1030	1030	
4	5	22	64	90	4	13	13390	14	14420	0.0328769	0.000575437	0.0320327	0.0338509	1030	0	1030	1030	
4	5	23	65	13	4	137	141110	34	35020	0.231027	0.0444874	0.102259	0.270895	1030	0	1030	1030	
4	5	24	66	22	4	13	13390	14	14420	0.0174475	0.00029558	0.0170319	0.017941	1030	0	1030	1030	
4	5	24	67	15	4	13	13390	14	14420	0.0234466	0.00029558	0.023031	0.0239401	1030	0	1030	1030	
4	5	24	68	11	4	69	71070	69	71070	0.0228277	0.00867928	0.0108105	0.0394469	1030	0	1030	1030	
4	5	22	69	95	4	13	13390	14	14420	0.0339458	0.000522192	0.0331211	0.0348484	1030	0	1030	1030	
4	5	24	70	14	4	137	141110	84	86520	0.118835	0.0124969	0.0931742	0.141895	1030	0	1030	1030	
